347
58
183
207
832
851
684
276
5
386
598
359
694
111
622
577
160
296
803
927
558
305
738
667
626
28
528
500
290
513
847
795
390
487
815
343
287
94
56
499
105
153
709
519
953
793
740
839
110
916
733
110
328
915
688
610
338
76
276
213
924
225
170
12
223
792
465
999
58
134
108
639
375
201
571
661
773
765
318
103
291
170
762
57
276
909
638
953
693
343
198
451
367
306
661
739
182
243
624
214
719
110
404
876
368
947
446
707
592
648
279
9
849
33
389
342
328
865
249
789
977
493
807
719
110
216
280
519
644
270
137
205
39
229
290
174
775
68
573
370
408
313
740
130
60
99
852
624
246
160
530
811
213
807
136
679
385
264
459
368
920
755
459
120
163
969
164
692
21
422
869
281
270
951
666
556
709
257
954
144
834
600
532
839
815
245
765
681
947
575
225
931
702
246
877
383
150
204
936
694
