165
349
690
698
641
665
199
598
221
572
690
876
151
456
676
591
917
289
260
302
486
114
416
629
205
585
589
914
118
783
336
891
584
511
539
393
214
494
715
637
671
106
557
260
593
9
304
98
820
494
845
632
391
806
285
451
637
600
454
526
156
968
543
747
529
938
598
131
308
992
889
465
967
73
41
717
602
827
355
826
185
629
18
81
818
254
230
669
20
17
170
725
520
704
820
760
581
450
431
747
196
858
422
383
237
336
887
341
402
81
632
824
277
494
820
264
271
166
536
768
217
450
735
40
640
969
287
220
764
966
232
348
650
518
919
557
682
614
246
41
339
707
765
379
713
348
205
632
55
436
922
518
629
499
358
355
670
635
934
462
129
710
882
539
768
525
55
251
906
619
807
876
138
402
503
923
307
968
388
110
262
156
869
555
948
707
401
725
230
930
590
530
838
860
828
922
734
723
131
579
623
844
536
335
172
33
556
934
956
882
270
711
936
648
454
832
341
994
179
920
500
293
598
632
44
365
143
379
510
345
432
549
35
737
590
797
871
634
222
569
985
274
147
143
977
892
612
311
522
869
267
604
527
485
706
606
908
190
326
623
992
516
610
910
929
966
573
326
644
332
908
396
370
810
143
413
747
289
885
992
416
763
671
401
948
190
236
934
677
76
384
697
590
693
257
98
435
901
82
391
