973
334
931
441
220
216
554
971
221
314
691
322
404
274
450
847
777
67
637
589
808
414
18
199
653
750
51
408
791
375
995
995
274
144
795
687
262
342
293
654
159
342
914
618
207
807
164
90
479
646
714
785
886
296
835
732
393
949
757
224
402
252
1
776
993
358
439
921
356
901
920
435
976
477
390
533
590
482
152
722
970
114
818
723
717
383
96
588
633
1000
107
233
218
326
42
534
149
379
663
62
339
367
79
371
838
630
433
970
2
324
837
107
27
814
730
916
59
198
335
410
4
365
449
172
947
134
890
691
507
122
978
901
87
217
49
93
293
835
653
463
880
430
398
733
645
958
427
469
681
148
210
625
179
396
795
976
504
702
727
984
45
767
955
37
660
386
109
145
566
590
722
859
19
449
161
787
21
678
255
500
376
569
743
114
342
492
227
405
2
782
877
618
367
77
718
691
479
101
869
462
767
628
463
210
160
209
38
345
913
248
717
633
619
799
559
203
924
458
924
504
224
314
886
610
685
117
818
850
936
372
414
874
745
471
614
571
827
817
508
808
184
962
82
432
232
457
70
399
681
554
648
724
210
395
881
645
619
103
54
453
435
933
926
80
858
156
640
706
869
554
21
491
616
881
744
301
19
782
839
307
181
270
165
521
257
335
867
319
511
837
476
33
155
264
363
661
477
903
236
521
144
328
10
549
102
549
885
949
54
24
108
982
340
356
784
170
554
412
315
628
413
644
703
630
820
538
922
293
671
358
355
139
704
264
571
129
433
713
738
897
859
300
192
30
540
257
217
699
788
774
836
86
807
145
772
393
767
560
66
99
24
265
0
200
58
571
476
749
953
866
900
342
673
547
663
228
488
413
296
456
565
427
337
115
886
86
423
282
384
613
685
643
203
685
938
720
794
549
469
61
