949
851
532
907
91
144
109
617
255
71
438
813
466
946
44
760
650
385
566
813
757
990
755
499
995
9
346
179
978
410
212
801
624
925
127
261
170
962
85
857
549
524
923
798
396
41
43
517
892
397
15
881
538
286
988
333
181
128
629
189
386
353
215
48
205
203
397
503
41
408
730
441
380
625
847
991
331
706
196
300
549
629
796
47
231
459
331
953
553
420
255
122
117
437
154
389
441
429
508
565
742
545
803
687
977
713
798
953
442
554
305
592
955
922
83
94
928
837
599
456
646
112
65
734
200
753
644
141
949
450
860
83
561
752
120
616
978
616
125
930
452
474
809
890
173
995
447
137
568
577
485
582
432
935
434
259
45
238
714
197
532
808
895
248
478
610
274
923
889
181
446
540
297
718
225
79
516
379
967
810
599
953
583
987
969
500
510
136
311
32
582
341
133
532
401
603
999
370
624
551
515
895
368
523
310
614
796
364
192
335
833
920
345
156
762
129
791
40
273
165
254
926
511
828
181
959
666
581
372
676
724
285
437
805
600
98
569
937
512
245
860
386
826
753
183
669
291
401
685
988
320
845
709
631
217
153
144
334
166
784
821
720
669
328
341
823
842
776
846
153
374
251
613
792
920
3
943
624
225
553
524
471
179
980
772
912
51
763
903
366
206
612
238
618
108
286
348
661
903
289
377
596
777
470
548
841
537
91
760
140
340
363
434
293
234
355
933
586
150
548
127
409
388
368
838
952
383
642
176
638
126
255
757
817
115
644
616
605
691
659
825
549
852
57
556
624
234
723
988
796
520
867
419
570
447
183
411
494
825
214
626
573
659
244
734
706
799
720
611
224
662
691
520
910
269
309
283
771
865
894
784
226
698
945
764
140
1000
395
508
19
539
19
980
795
622
215
55
140
406
269
943
663
662
952
351
824
485
618
353
874
491
507
446
258
799
484
218
41
636
173
555
294
145
258
594
145
633
402
750
607
755
863
143
503
725
992
896
816
214
278
999
106
402
358
831
529
261
688
406
129
553
548
43
400
602
298
2
288
201
743
59
205
747
39
997
976
100
68
575
450
757
549
143
180
79
825
996
424
559
62
554
244
691
283
288
663
974
585
852
57
495
87
830
397
703
727
804
611
640
211
