132
997
190
61
348
692
571
191
723
115
604
606
300
376
986
295
237
26
48
607
899
759
250
80
8
705
403
199
625
970
533
351
530
834
367
695
772
524
782
592
52
72
587
369
582
993
484
543
494
806
789
365
120
821
213
168
737
904
654
819
450
753
411
198
89
618
563
846
793
986
313
261
770
924
894
126
429
311
588
620
963
893
519
705
641
607
838
313
46
362
346
714
255
386
665
805
219
87
563
658
161
311
379
969
714
224
275
191
581
894
244
992
134
82
376
785
592
308
664
210
123
364
62
956
690
188
148
69
760
45
352
841
595
592
547
850
606
862
309
484
239
399
459
837
88
29
716
329
85
214
39
238
22
854
586
8
86
607
153
746
203
83
269
364
993
916
774
152
239
381
912
364
532
339
558
768
24
83
626
286
362
457
833
104
635
939
888
691
696
914
732
449
734
756
68
564
619
129
295
928
717
894
822
621
666
185
824
756
263
600
972
368
335
767
143
739
518
108
609
389
177
509
215
82
157
562
696
856
68
464
196
138
313
21
766
146
508
683
191
288
867
426
621
240
177
810
526
320
366
89
362
681
775
35
960
716
569
253
910
816
118
426
789
302
623
221
821
162
466
209
870
561
644
743
427
352
447
173
228
220
477
699
872
503
81
432
382
874
637
890
37
484
821
511
331
489
681
495
922
493
36
978
608
531
631
944
754
160
72
168
255
459
80
538
954
331
806
888
695
913
452
766
279
920
849
164
132
934
177
388
439
696
280
522
200
558
452
18
28
783
674
15
755
824
592
871
240
535
434
325
693
525
487
459
947
614
766
786
833
506
735
561
516
328
408
321
624
561
698
398
41
216
972
700
240
644
461
964
400
760
644
603
694
774
591
716
569
451
177
737
540
91
905
806
607
374
673
136
105
104
69
195
244
887
845
89
491
715
765
85
136
882
198
791
194
217
86
326
240
150
149
371
681
464
279
3
422
723
88
855
799
4
864
993
966
709
541
269
182
578
31
532
200
21
665
273
797
531
843
338
500
395
436
725
370
226
783
896
54
580
977
619
590
279
417
982
566
308
713
701
685
770
69
306
991
338
90
13
898
348
605
552
156
449
469
54
175
835
683
650
726
401
747
323
81
235
474
314
150
21
495
132
893
305
176
211
642
938
830
745
339
751
348
374
591
463
510
261
592
944
762
363
167
34
218
477
309
522
521
742
371
15
196
198
864
293
73
135
595
500
657
300
904
172
769
751
255
605
857
436
877
385
378
884
250
358
36
287
822
256
413
339
753
306
803
191
277
282
175
107
411
317
567
677
367
950
973
369
154
204
121
705
712
304
176
319
892
184
922
821
140
855
909
573
747
896
464
628
450
500
