938
746
805
757
523
438
426
911
339
224
910
978
859
535
211
99
993
702
110
950
323
116
123
44
329
273
166
615
358
75
976
196
167
491
43
845
756
37
584
243
548
211
402
4
751
499
346
799
515
820
158
833
779
483
334
821
73
262
417
332
609
864
262
425
623
187
695
99
487
939
496
545
687
958
560
462
930
0
1
401
740
710
510
191
368
506
860
139
386
22
861
93
804
146
492
746
835
216
801
902
758
943
468
21
58
204
611
789
460
499
450
264
722
128
560
771
836
543
69
486
992
302
500
600
140
575
900
165
382
235
366
299
813
438
257
175
809
910
602
624
143
833
360
837
356
840
250
451
191
275
46
381
983
63
98
425
494
441
847
252
739
589
479
802
163
457
480
338
713
42
539
535
193
957
53
72
639
829
283
574
125
557
207
173
498
283
235
869
211
360
351
934
898
166
988
317
204
882
145
877
65
322
516
758
354
940
242
548
614
91
120
147
326
92
681
511
42
626
718
365
846
856
821
112
747
806
493
690
596
974
181
719
527
682
115
721
254
495
28
345
693
106
775
847
896
171
194
604
963
826
643
340
688
301
582
312
955
625
626
689
941
108
170
828
127
334
680
788
785
657
700
843
863
834
16
541
937
727
658
697
650
308
658
828
703
450
89
827
561
959
564
549
312
515
558
259
677
444
370
722
46
368
141
778
211
983
640
32
965
73
580
864
862
242
641
585
595
375
451
249
442
888
981
639
727
798
973
575
354
452
575
746
818
421
687
393
139
538
464
52
25
375
182
210
197
812
756
567
10
590
167
263
49
243
838
260
672
944
170
957
648
19
970
14
610
460
530
758
887
173
856
264
314
911
547
672
831
682
456
333
329
663
922
326
674
600
855
437
106
788
826
563
680
816
784
84
410
773
522
976
795
839
151
468
759
73
147
954
508
264
953
967
347
71
996
453
180
753
37
334
933
548
741
173
617
731
739
708
879
497
432
980
780
701
500
720
762
636
378
852
79
191
743
155
122
143
855
227
274
773
416
310
521
23
636
337
200
666
581
569
416
149
157
1000
335
206
75
946
403
487
288
462
237
368
83
46
659
55
89
528
26
949
310
653
452
190
94
167
69
269
77
282
627
363
248
830
320
15
546
268
25
365
522
386
981
921
520
987
635
896
477
534
556
316
264
55
778
344
413
76
380
141
550
391
57
622
648
34
905
274
396
7
388
653
705
110
943
986
620
456
260
71
389
989
85
658
642
199
489
160
219
303
919
691
548
374
523
50
218
3
96
404
603
883
718
583
793
97
537
182
444
663
627
635
384
932
674
240
301
371
317
429
62
857
784
750
172
108
719
626
211
960
746
779
168
74
452
767
661
432
546
347
604
214
95
753
409
968
959
341
916
852
668
584
410
575
178
689
548
934
872
442
741
889
539
51
115
902
26
404
841
705
591
596
739
915
966
707
804
0
412
191
125
55
684
381
122
328
613
363
825
118
621
969
637
345
3
825
21
406
24
600
520
332
868
788
506
970
9
893
562
496
85
828
118
124
449
220
919
80
231
848
641
599
77
529
321
444
974
245
691
297
298
47
747
296
146
738
588
782
942
87
332
690
659
445
640
70
51
616
970
831
225
490
723
242
353
823
141
335
655
412
747
686
374
819
17
345
301
537
162
212
684
653
154
176
597
576
397
632
253
462
306
345
623
594
756
848
444
932
95
262
827
435
40
409
251
629
427
324
45
493
219
261
156
595
461
317
730
911
914
950
760
502
879
13
556
3
980
143
138
521
44
236
844
645
239
439
400
988
519
846
933
193
513
857
960
298
335
38
463
416
473
887
542
332
28
730
734
516
658
791
640
904
300
98
161
910
771
210
233
368
432
879
558
910
550
391
901
471
521
565
777
71
646
919
719
454
755
953
702
676
341
114
624
974
34
456
813
524
554
822
636
774
756
633
154
723
395
922
520
992
413
951
755
72
495
505
941
693
442
967
581
38
808
904
705
802
338
278
935
588
327
304
697
380
206
676
260
401
337
905
304
797
269
281
320
365
902
512
2
310
872
828
596
380
655
347
237
514
430
36
707
419
320
620
715
948
625
609
522
990
749
791
943
997
268
944
706
374
713
734
704
97
740
683
812
220
972
563
43
145
447
293
943
552
317
398
724
148
36
68
422
14
968
636
865
285
773
150
778
539
588
161
521
15
871
184
335
358
401
869
627
315
919
649
768
801
594
727
436
707
594
518
488
222
412
219
438
740
476
885
182
515
480
718
193
143
9
607
