9
828
600
857
70
534
361
45
143
43
659
946
134
103
922
333
164
829
876
211
66
3
31
270
922
441
457
630
572
805
460
447
727
246
893
472
466
106
15
228
321
535
58
946
89
959
261
541
604
836
142
888
470
35
915
680
306
179
718
597
395
762
335
948
379
862
855
968
225
991
995
180
848
889
385
450
478
413
793
41
237
455
189
634
498
58
651
580
968
986
441
977
544
622
427
597
16
911
20
989
390
305
130
441
823
104
942
199
528
700
846
824
341
574
807
467
806
815
252
67
69
610
86
723
25
766
198
43
876
665
966
663
230
98
138
661
474
420
138
151
283
193
692
726
316
110
153
155
338
187
199
350
165
573
482
327
129
823
524
580
582
693
638
130
569
141
532
608
153
638
487
275
754
461
339
438
14
815
433
681
532
988
710
18
201
488
295
237
642
299
486
822
890
657
822
483
254
817
970
429
399
919
279
290
29
739
473
294
618
734
749
776
378
18
679
511
777
739
503
176
900
424
167
292
468
990
611
827
888
229
847
385
610
396
708
394
696
455
781
743
760
683
716
182
360
424
267
649
619
535
716
820
263
829
329
365
117
685
471
544
364
682
30
325
898
828
743
270
95
709
359
818
197
836
851
864
513
339
519
364
903
122
325
858
324
341
201
263
821
301
174
702
597
346
330
268
442
476
253
613
387
528
839
726
81
135
980
526
631
565
8
708
136
307
88
989
15
189
223
121
686
431
68
385
259
389
762
557
875
694
624
333
960
399
468
733
743
354
235
891
533
835
723
577
276
993
341
867
976
63
306
656
213
761
134
422
313
108
343
913
948
137
137
357
756
951
553
9
378
296
388
160
57
281
650
515
672
54
519
157
920
317
565
966
558
479
663
653
743
267
237
436
604
226
121
354
737
0
21
845
838
330
514
491
332
500
455
182
794
254
371
538
58
239
325
999
529
134
254
608
289
27
876
77
113
478
7
214
98
302
593
110
626
124
267
844
244
279
541
85
773
597
12
373
627
312
380
81
327
778
142
358
248
748
631
169
727
706
66
839
377
805
138
591
169
909
933
399
967
283
249
114
658
177
338
836
146
153
204
924
811
289
872
192
407
454
819
891
763
758
144
876
344
593
262
387
490
477
575
556
167
900
132
5
888
391
409
50
631
109
270
80
488
377
558
410
843
631
488
67
518
311
924
926
789
475
776
778
58
393
631
722
66
180
475
142
28
666
799
625
178
926
258
490
735
255
689
267
653
165
899
375
620
340
929
398
525
665
700
92
472
579
373
53
641
112
773
21
566
523
450
708
849
545
525
675
370
493
61
822
961
877
514
603
883
118
258
122
921
569
789
841
455
459
120
192
422
877
195
463
110
254
410
136
256
840
431
66
80
165
574
558
911
513
4
658
509
219
377
737
571
527
740
849
180
288
89
788
168
789
914
722
723
977
771
23
773
84
276
946
467
441
438
236
670
284
250
87
830
42
799
301
888
278
928
587
681
883
277
446
192
629
308
376
797
580
728
702
321
14
568
711
524
256
496
363
429
273
865
763
623
758
136
950
778
759
257
644
647
93
785
311
564
105
169
854
174
310
581
515
54
297
286
136
372
906
105
931
404
550
139
728
530
894
111
971
434
365
46
719
422
335
82
217
639
860
554
20
558
181
940
554
944
1000
350
320
581
189
790
409
829
61
102
81
582
216
487
728
74
367
821
363
743
587
683
542
65
197
726
534
101
507
518
862
717
386
418
798
315
733
585
549
966
739
724
99
994
851
396
269
409
22
103
775
1000
860
941
612
451
356
626
960
289
694
337
290
595
650
354
424
927
465
426
788
360
390
710
374
577
957
811
657
229
462
98
999
973
994
314
34
488
770
196
715
789
654
791
111
618
183
966
437
891
608
558
103
53
281
709
145
861
725
12
437
557
543
481
459
98
864
834
631
890
274
792
861
192
390
843
877
582
514
528
921
605
216
535
695
905
610
576
767
700
709
122
164
700
522
866
168
471
171
637
973
335
164
768
779
949
205
300
884
308
893
793
871
592
111
280
769
736
241
638
442
405
961
630
615
725
854
872
311
570
388
903
376
849
138
688
760
164
437
11
177
375
976
449
338
28
945
291
223
450
234
429
283
408
100
334
573
253
656
56
128
6
344
712
909
685
352
54
944
865
249
992
755
913
613
927
812
748
928
169
26
180
581
953
461
533
839
874
43
661
246
924
33
836
372
658
851
385
367
109
587
938
841
32
156
546
54
63
839
975
45
826
835
614
407
893
51
790
126
196
571
83
606
710
499
450
369
233
498
513
939
772
325
719
503
766
876
451
14
232
872
588
374
276
51
457
833
195
248
519
538
149
126
210
914
594
432
216
61
975
157
391
486
694
644
878
769
665
414
298
871
951
687
121
22
108
91
176
112
223
359
39
415
622
218
222
483
229
534
570
471
260
824
897
629
739
143
60
792
834
26
47
198
738
498
236
664
752
854
262
695
71
276
268
400
81
105
856
884
738
679
397
659
835
33
395
651
974
332
983
493
628
181
207
973
55
310
247
5
475
719
491
228
781
68
511
696
360
734
600
28
920
590
238
508
753
805
811
765
672
778
72
96
566
359
988
365
837
36
391
849
118
79
400
495
125
121
525
72
869
856
973
82
576
844
229
941
644
110
555
383
847
953
619
651
947
790
210
480
957
707
765
25
895
546
810
4
558
203
662
331
323
176
247
87
450
922
958
704
507
729
598
582
185
182
568
240
702
184
661
84
762
466
914
142
58
4
303
666
531
461
460
368
813
147
515
69
492
629
135
580
383
126
663
370
848
170
519
513
810
737
411
410
335
306
982
687
234
296
750
320
442
155
583
582
262
970
358
667
860
149
864
916
214
782
233
686
465
738
464
944
614
653
823
88
437
866
30
126
90
273
41
270
628
135
348
730
908
590
387
505
444
310
433
354
457
920
347
134
876
287
48
248
506
620
749
416
35
370
780
18
196
270
827
688
899
420
465
810
87
703
966
612
817
527
726
369
202
515
60
517
860
399
310
27
776
545
862
681
832
951
337
221
634
899
46
739
62
352
565
705
453
220
277
948
285
856
76
200
848
21
663
567
198
235
205
390
225
140
60
513
1
327
468
890
119
457
395
724
78
918
665
9
551
801
998
401
361
676
414
655
899
113
789
682
350
810
553
477
294
542
799
63
869
66
326
7
208
789
386
138
170
688
914
470
445
381
561
58
767
540
118
631
696
4
772
722
982
783
356
49
257
162
286
353
285
911
458
328
766
421
234
410
975
878
375
809
565
851
486
408
162
851
697
529
629
865
762
416
757
661
743
377
438
160
23
335
45
189
329
434
497
691
231
162
865
820
771
839
918
110
987
397
213
330
779
582
983
136
668
488
492
599
498
290
526
916
1000
424
624
78
795
204
944
886
433
156
683
958
949
673
878
279
360
375
523
407
445
318
87
218
953
796
795
598
60
920
786
816
290
698
493
137
838
83
754
43
913
877
217
853
411
989
865
17
399
889
376
32
374
832
112
520
306
656
895
512
997
487
321
734
934
641
803
566
624
282
149
681
772
210
724
916
580
760
403
673
182
148
585
599
163
513
333
198
706
55
548
573
792
720
339
288
254
722
972
152
447
373
663
330
866
977
404
465
4
732
854
872
281
827
110
819
329
317
332
157
418
380
457
660
321
174
94
848
131
21
298
798
254
696
457
2
604
924
458
143
623
269
155
457
350
733
915
47
250
969
61
253
731
272
263
969
381
968
472
259
937
608
878
50
385
416
8
458
155
997
498
498
295
245
82
284
9
873
637
494
227
550
518
150
692
715
79
342
630
255
139
120
63
688
423
305
834
208
365
942
446
71
876
400
5
359
517
955
427
711
918
7
947
912
68
936
635
682
493
738
380
15
394
510
194
191
708
74
984
367
679
706
954
162
411
894
189
342
648
290
535
851
74
761
756
204
916
237
654
285
30
227
128
0
111
254
300
186
389
985
404
955
944
961
651
271
868
77
348
493
33
857
813
88
632
99
388
935
575
902
129
360
220
262
970
52
4
927
580
937
858
41
999
335
990
453
326
274
215
227
962
936
11
499
500
420
381
425
499
585
665
786
464
144
739
879
446
313
833
111
48
638
243
366
379
434
693
151
734
771
896
936
106
565
556
485
331
977
994
312
606
525
379
232
556
807
263
759
699
695
515
83
216
415
352
929
25
742
563
239
709
763
86
707
517
102
477
152
857
613
674
923
881
100
12
798
383
448
207
699
317
465
225
658
145
60
463
345
803
781
684
445
579
448
114
365
843
304
896
795
384
852
39
533
944
277
438
583
890
98
869
345
751
397
31
868
125
828
58
81
763
167
714
711
431
692
834
644
865
755
772
920
246
882
176
796
749
792
99
375
570
720
337
989
371
93
580
493
264
105
96
718
84
22
415
199
906
553
249
125
279
338
169
579
532
88
175
749
433
680
548
506
208
206
118
239
939
983
823
325
429
8
739
214
601
561
595
614
665
759
631
510
175
971
728
777
885
257
272
11
