508
928
326
516
331
489
61
914
277
917
51
678
531
546
463
590
310
839
814
10
189
282
537
168
947
246
617
276
411
754
853
81
253
106
858
451
64
183
465
102
502
563
828
771
694
757
740
791
304
400
134
505
149
405
584
217
743
511
382
243
479
463
48
809
486
962
993
738
4
687
3
46
837
168
61
166
336
634
810
758
764
737
220
483
437
541
824
413
670
237
293
807
603
675
194
983
340
222
932
689
128
190
760
359
682
982
717
743
533
84
138
337
542
539
658
45
932
289
700
605
685
2
66
266
862
601
428
583
855
539
440
986
958
910
804
332
287
909
263
692
632
36
63
641
73
150
391
133
467
741
854
320
124
303
981
231
81
418
81
794
392
952
583
828
433
78
82
994
811
245
526
41
202
237
649
930
704
307
870
259
156
279
326
558
175
234
614
151
835
119
419
744
223
154
986
45
570
960
527
313
469
412
571
189
557
132
623
462
837
665
634
572
120
41
885
789
138
74
844
577
444
190
899
562
939
234
577
44
70
98
946
998
914
280
352
578
758
513
646
972
782
474
995
736
908
190
433
425
431
226
111
637
711
141
383
55
40
667
579
334
383
536
604
695
590
584
796
754
351
136
310
604
699
701
356
45
133
704
72
86
850
282
891
295
922
33
930
765
878
585
46
734
236
867
700
260
116
708
455
102
892
840
873
503
394
910
155
639
104
526
362
393
305
691
749
94
374
688
259
912
917
776
801
637
42
707
98
756
962
433
117
584
155
425
788
23
994
580
864
960
137
416
736
379
824
559
288
677
849
948
293
450
738
681
758
335
23
901
123
245
708
721
197
262
927
514
173
723
797
117
46
294
34
364
84
76
545
647
143
999
872
413
882
810
300
869
335
371
824
640
973
467
791
866
346
776
475
217
347
840
158
518
301
295
606
441
234
197
726
637
42
646
454
975
274
93
416
299
577
450
629
818
566
370
551
142
574
337
551
200
290
140
610
233
790
396
147
681
941
926
737
806
748
721
619
808
450
144
538
381
765
58
843
405
759
106
653
156
661
264
184
623
917
274
1000
836
974
928
171
671
888
914
593
617
321
491
338
583
257
745
972
118
272
313
144
869
806
833
404
697
949
711
89
195
69
424
823
25
875
268
467
553
165
289
630
452
387
1
396
525
536
414
607
702
773
114
904
699
420
379
491
946
609
409
525
389
789
447
689
689
554
633
306
163
587
590
91
26
131
402
732
613
261
614
773
181
238
996
766
672
456
787
188
473
580
662
231
694
782
143
321
366
630
76
442
956
100
619
74
769
778
947
355
586
870
277
853
529
941
326
388
325
755
830
146
507
632
144
166
362
154
314
296
193
554
22
642
76
118
860
522
703
640
934
231
737
936
279
612
371
712
260
852
214
767
961
133
929
566
573
300
462
743
438
95
758
809
411
625
231
452
529
289
304
272
295
71
115
756
231
725
724
953
847
307
717
195
632
561
747
278
301
84
25
43
995
524
772
912
342
652
408
640
257
815
908
853
9
805
794
32
687
654
260
356
180
596
908
882
977
160
890
167
725
720
429
224
877
766
601
739
964
937
355
90
205
655
505
326
155
166
133
662
671
302
778
655
459
570
944
334
861
310
675
726
344
418
754
646
711
648
6
669
997
704
846
674
682
6
742
939
654
314
252
205
151
160
731
406
458
829
473
519
94
500
76
746
498
79
893
336
598
586
135
911
532
929
406
456
997
656
656
761
530
685
28
156
94
94
757
468
318
454
437
337
957
337
461
51
102
410
765
991
581
371
322
969
968
800
650
906
401
765
203
166
586
461
420
204
882
295
356
260
491
274
530
89
671
543
581
296
174
68
781
292
907
177
496
179
809
521
623
420
619
612
203
561
261
308
86
706
896
653
418
237
738
603
0
271
196
483
850
167
42
462
169
268
827
763
301
382
396
41
983
330
581
122
659
176
566
109
502
947
194
586
18
417
453
497
858
575
699
578
596
181
136
745
390
466
737
530
451
772
119
531
349
424
422
538
698
812
353
553
167
144
837
954
358
382
342
764
599
94
287
690
11
887
728
818
451
774
37
996
634
51
263
432
632
631
488
13
841
768
783
489
336
184
297
932
27
11
211
956
545
856
804
733
209
396
662
800
385
335
597
529
872
279
158
879
28
338
857
285
55
705
914
835
555
409
48
609
539
750
444
110
769
343
36
533
957
387
888
351
985
432
229
140
637
284
238
74
494
598
287
737
644
315
55
198
126
568
505
126
794
72
998
9
372
179
241
501
145
569
400
820
63
275
688
163
527
457
985
382
270
132
6
335
91
591
415
198
640
335
291
802
821
22
934
656
210
713
620
956
590
481
825
832
723
272
728
104
529
223
38
706
359
857
982
695
273
353
777
939
445
851
765
801
832
204
150
590
693
692
372
804
228
694
365
230
352
497
782
54
286
631
293
431
784
884
118
541
986
189
496
796
178
388
226
142
431
784
860
42
724
532
110
63
185
345
266
135
307
485
283
487
99
439
540
693
121
726
0
452
622
520
34
838
233
684
919
751
348
435
374
788
759
374
186
871
180
870
940
354
285
642
814
457
655
27
145
107
176
828
745
385
24
323
896
408
557
138
821
609
967
718
110
284
10
232
420
269
384
528
44
503
954
365
220
196
565
76
783
38
307
831
613
412
425
616
219
598
591
84
384
608
591
900
798
801
717
844
310
623
828
354
139
147
792
186
557
992
33
33
232
332
159
305
604
720
919
976
454
716
799
786
1000
18
654
139
1
555
872
879
356
413
461
472
356
338
775
837
556
303
716
175
112
846
606
224
453
874
783
279
889
81
195
703
267
432
238
362
127
986
288
878
1000
291
626
777
139
402
166
977
683
647
659
342
617
922
74
286
308
291
953
704
913
499
556
431
258
348
353
529
420
335
7
902
624
968
56
990
34
883
252
196
613
979
34
409
40
116
13
62
318
504
223
517
494
254
148
27
251
118
599
427
699
803
357
354
350
531
667
867
427
338
340
18
493
310
934
77
256
266
632
112
310
688
309
757
907
910
321
746
729
944
763
673
151
801
954
365
768
980
709
993
542
276
498
632
144
294
575
819
708
688
689
869
845
604
317
761
797
981
388
239
649
934
553
387
10
551
437
994
882
366
408
987
914
749
344
157
393
969
95
198
947
448
704
755
692
657
537
693
646
994
746
93
438
519
273
785
613
227
676
967
962
656
324
294
446
760
993
910
4
953
24
813
95
828
688
64
829
839
592
752
249
225
754
826
936
774
411
112
134
221
619
204
220
660
938
397
615
590
107
135
686
245
545
827
382
387
471
819
171
49
818
230
503
166
588
147
249
153
581
181
591
730
976
768
545
572
648
337
473
472
113
483
148
227
968
433
343
904
641
172
906
510
413
924
143
322
184
437
161
699
319
367
305
641
948
706
828
435
715
459
177
918
928
62
42
393
522
923
887
637
807
9
96
85
966
721
481
208
500
4
191
827
549
77
236
851
288
467
164
936
585
404
191
921
813
648
962
87
828
352
963
123
338
348
343
19
249
280
401
767
517
356
536
339
586
20
123
5
510
906
593
348
829
905
351
955
732
682
235
770
161
609
155
116
155
934
184
144
899
354
422
271
238
133
393
885
402
259
337
233
414
863
891
323
674
201
63
978
467
801
400
808
188
612
830
383
939
646
572
933
732
727
843
157
692
440
638
226
623
100
558
408
824
53
774
629
737
626
313
491
554
838
199
892
231
845
985
643
125
297
252
710
430
483
65
401
192
839
617
774
1
205
308
154
319
652
166
677
556
277
922
416
557
763
583
355
1
619
190
892
705
691
858
650
593
533
862
461
812
500
148
521
210
742
947
310
506
499
729
198
530
351
549
218
323
272
973
382
868
752
330
873
690
971
283
103
477
560
48
13
382
320
257
106
46
969
936
994
275
632
799
572
241
810
963
845
195
462
998
271
322
416
920
546
323
271
102
738
463
603
279
10
551
392
912
753
494
444
521
539
808
19
450
552
399
445
236
725
69
361
226
965
309
555
255
886
929
659
360
604
854
939
579
889
196
944
813
330
661
762
108
28
512
766
964
216
635
346
284
35
864
927
967
257
368
411
529
83
57
72
574
599
75
205
17
567
747
399
607
820
47
75
885
555
613
967
562
80
966
166
860
435
989
315
998
791
693
583
717
339
551
439
200
531
742
73
30
443
656
380
677
55
73
637
140
166
565
117
469
186
275
593
820
597
674
348
508
854
929
174
895
341
801
353
170
531
61
510
367
197
870
908
79
250
18
932
741
187
906
381
322
543
893
878
331
938
376
511
957
848
50
589
246
786
429
812
886
370
427
49
142
724
886
464
612
732
613
808
921
421
135
852
492
689
539
834
930
565
842
18
211
763
956
586
262
322
610
535
691
203
889
523
516
399
961
199
10
942
449
880
957
159
571
349
825
332
62
310
932
391
632
690
877
494
724
165
803
143
274
116
134
502
355
323
284
614
906
663
748
703
774
326
497
437
24
564
104
770
966
246
284
549
9
601
296
526
33
951
36
659
377
876
770
650
187
145
20
505
756
395
977
688
488
420
500
36
595
383
591
206
405
354
777
650
318
698
959
248
747
802
710
496
899
61
294
143
76
245
668
427
369
810
848
949
150
672
760
489
667
155
747
166
195
908
508
55
129
653
884
844
115
677
935
823
631
60
675
67
692
915
273
481
827
513
190
387
444
686
442
543
123
629
981
822
9
477
413
138
98
541
239
465
254
91
398
498
807
250
818
147
35
271
193
46
768
842
305
549
972
631
22
959
130
219
699
190
237
730
270
224
578
100
194
788
991
70
362
919
529
614
837
226
30
468
359
456
114
469
700
568
462
708
549
243
144
67
987
408
863
836
959
915
269
800
860
400
485
258
193
702
341
390
317
261
254
486
70
787
20
593
618
218
831
682
173
386
113
187
664
519
262
526
932
561
836
503
82
1
611
540
565
211
599
691
521
59
674
341
202
129
455
15
981
127
853
353
625
861
275
581
231
887
261
629
956
199
760
746
387
673
840
159
522
558
683
85
714
72
178
346
937
795
617
265
181
301
958
878
999
151
153
124
187
522
280
739
427
675
15
256
35
82
562
127
419
805
999
79
365
601
516
172
827
366
789
538
82
860
762
652
170
225
31
417
710
17
190
15
789
785
867
695
228
540
823
285
447
823
970
574
889
327
622
467
0
119
212
694
756
776
211
165
915
797
214
726
710
613
196
651
587
603
334
919
641
205
529
240
168
435
518
671
166
783
291
233
422
132
953
55
480
398
233
207
786
797
767
719
308
662
477
460
472
891
255
184
420
620
303
962
190
212
646
665
290
879
503
774
634
910
828
344
473
458
820
864
442
701
835
526
302
633
284
969
139
688
168
681
652
174
98
185
958
472
54
518
558
641
99
691
543
760
416
216
222
536
679
786
911
404
262
471
490
108
579
590
653
45
221
794
898
904
51
945
283
279
55
860
4
945
370
884
841
212
585
787
359
591
114
186
263
876
713
751
878
789
185
240
651
232
999
573
922
692
427
104
293
651
396
778
74
841
202
816
849
10
223
40
520
435
879
48
676
772
606
553
410
485
584
401
612
735
429
0
699
276
939
826
685
677
907
498
747
906
670
986
464
177
507
957
280
992
587
183
164
495
651
200
508
391
174
379
586
315
938
520
408
34
630
305
525
605
439
708
880
684
704
247
422
953
107
913
953
95
773
967
51
198
578
212
795
815
216
519
465
751
706
445
230
462
731
831
454
960
73
288
601
246
687
696
506
853
982
219
262
902
97
70
768
307
613
40
104
648
892
462
510
238
202
816
494
168
863
460
690
541
709
994
977
572
599
519
394
81
111
852
199
945
876
202
108
939
533
330
4
960
35
411
23
784
185
338
529
612
301
815
286
576
0
569
548
287
869
940
75
387
30
511
434
137
344
899
653
219
873
129
4
400
876
401
151
610
169
651
136
899
977
80
403
93
629
159
796
335
520
271
113
732
235
506
105
511
865
257
80
26
721
418
559
473
28
234
139
421
429
56
795
716
682
4
507
814
295
842
673
41
498
334
912
828
40
401
561
943
453
146
443
246
658
370
120
325
768
274
812
672
54
55
454
398
393
105
907
998
726
360
339
375
670
38
710
869
255
631
352
427
518
263
835
718
24
91
820
953
21
452
93
89
366
77
536
129
214
257
278
858
669
917
426
360
24
333
119
324
770
357
770
131
386
602
453
294
241
89
524
999
843
259
485
828
235
219
669
472
433
575
344
622
895
384
772
461
208
725
267
620
172
876
781
752
512
986
73
310
695
598
778
688
205
959
797
110
293
774
689
371
197
796
192
997
198
31
156
728
995
23
175
189
871
211
89
419
3
742
307
111
587
986
391
893
741
904
472
584
193
436
636
88
311
898
223
703
926
122
361
57
604
600
443
687
28
259
339
118
626
292
135
529
615
819
58
805
201
218
264
174
611
360
25
798
236
214
677
679
388
790
580
994
591
860
980
307
99
903
384
681
268
355
584
873
498
857
266
54
736
384
501
551
776
367
841
522
84
114
159
610
713
628
7
932
223
302
796
933
294
165
75
319
6
214
519
202
507
264
917
327
938
123
879
604
880
210
746
664
99
266
57
928
51
899
782
644
364
194
742
725
846
530
681
98
306
920
908
589
408
400
853
956
999
514
138
499
463
572
137
476
440
899
659
78
47
793
509
753
63
367
245
324
276
879
466
989
228
619
559
792
518
553
449
383
767
405
655
355
28
66
623
590
923
279
28
193
163
698
742
