544
101
224
330
737
169
529
481
312
561
161
161
668
963
186
707
396
167
196
642
693
991
859
45
743
830
630
916
17
619
94
207
665
116
282
633
920
850
313
95
388
961
156
609
628
487
197
795
348
540
627
165
996
549
506
515
595
706
400
508
4
412
717
202
865
298
572
39
505
80
753
497
49
501
975
661
110
841
338
578
513
609
59
204
766
449
852
634
328
86
584
248
974
913
663
40
931
938
409
997
76
239
958
68
63
64
750
684
199
818
203
249
351
762
782
26
917
557
159
528
488
789
860
961
437
829
578
286
469
254
107
535
401
739
613
943
487
664
296
691
835
982
229
954
553
50
343
485
541
565
798
805
848
558
171
50
31
109
420
192
313
135
662
860
901
288
240
996
399
42
367
544
614
990
424
112
892
933
710
813
860
995
445
613
527
337
143
100
315
589
251
820
586
400
270
496
595
427
675
589
636
342
453
956
527
531
371
835
839
854
580
886
14
873
884
789
873
999
869
482
971
342
705
652
167
326
135
878
216
726
646
831
322
638
516
281
479
861
22
38
683
394
598
904
272
581
205
447
259
81
383
8
867
538
257
714
754
64
134
761
360
322
402
311
343
463
460
995
506
530
640
591
734
69
406
707
554
10
135
921
344
321
724
810
733
112
485
984
7
757
352
810
10
915
86
633
131
224
396
415
562
920
589
109
329
853
325
253
437
404
444
816
74
591
605
663
953
95
278
715
406
679
345
274
73
502
626
880
354
53
907
245
727
915
546
693
560
120
618
880
892
514
5
694
363
16
213
459
831
552
363
646
187
307
406
784
845
115
578
355
226
14
781
566
1000
759
553
982
542
178
813
242
538
182
269
866
465
333
675
410
534
107
836
997
610
308
240
346
9
880
811
904
252
571
15
779
506
463
965
774
680
264
115
173
393
21
521
179
870
999
384
431
678
691
571
734
222
490
554
87
175
690
766
322
166
384
76
723
293
603
239
205
665
812
939
90
389
2
153
911
83
876
618
963
739
259
80
307
64
383
996
450
338
267
256
155
784
43
904
30
533
583
407
570
416
922
166
523
321
69
869
873
171
21
449
886
582
132
447
443
731
922
685
583
622
368
667
694
883
73
114
508
581
310
76
968
407
624
890
647
906
54
470
99
952
423
831
666
262
131
64
820
573
232
419
159
804
842
959
242
60
663
795
544
391
315
220
186
398
882
671
490
778
560
604
370
2
734
721
619
956
908
696
865
965
848
262
294
848
42
929
322
671
930
771
173
365
369
390
556
376
321
15
663
168
220
223
950
456
807
546
970
966
408
941
16
569
23
688
419
577
416
216
202
828
191
543
18
768
334
444
623
150
33
162
950
495
499
385
640
937
155
410
527
312
147
446
461
806
415
173
613
737
443
564
634
931
694
613
342
517
372
874
418
283
509
31
987
564
424
253
405
355
494
156
218
342
672
492
336
119
348
874
804
933
168
23
379
669
86
633
260
718
680
689
984
363
432
540
995
103
54
33
279
913
937
96
876
593
355
404
795
240
607
413
299
218
934
222
951
224
477
47
267
70
545
324
844
735
893
286
838
437
17
301
985
301
791
956
389
722
606
874
262
659
375
888
257
246
646
418
810
330
641
921
708
459
25
466
269
32
969
336
763
337
233
206
519
503
564
460
825
312
661
170
856
152
301
603
479
381
773
918
963
480
20
111
571
895
743
699
16
176
343
231
598
703
455
738
101
50
162
278
831
333
56
134
703
255
432
804
618
56
555
392
367
924
251
892
165
45
883
652
850
582
164
452
554
825
202
459
959
442
955
79
170
146
96
714
207
792
748
736
441
683
59
562
993
730
169
740
240
230
192
58
489
215
37
952
220
913
89
37
538
993
443
681
989
34
443
428
199
342
687
60
831
269
915
248
293
930
6
871
70
429
455
492
195
538
707
154
301
301
232
981
563
774
860
165
544
405
528
636
311
511
90
172
48
479
51
642
467
638
931
971
899
743
750
97
181
563
110
427
86
983
108
838
974
883
836
28
210
55
347
538
867
722
732
203
470
630
697
978
727
461
302
875
494
930
252
126
675
60
118
343
774
867
227
795
195
967
197
32
740
705
458
907
995
93
312
433
589
962
113
332
237
30
149
210
799
404
641
140
647
561
267
477
413
992
130
347
927
639
173
84
473
726
719
354
511
93
734
407
745
573
920
884
174
1000
697
491
343
235
950
802
289
410
555
816
168
785
191
356
822
593
453
625
391
619
284
862
983
890
559
614
925
220
504
385
464
308
569
761
563
882
721
351
69
449
114
82
318
858
345
202
811
753
393
242
858
804
874
455
984
260
21
10
228
578
289
429
511
657
852
208
953
930
588
394
408
275
541
208
521
419
559
690
40
859
544
523
556
560
770
735
839
417
548
234
344
713
321
447
735
767
298
27
179
413
216
320
1
40
93
328
19
129
102
142
673
879
594
1000
78
618
25
199
89
656
762
924
866
80
619
446
507
649
591
616
495
700
839
414
502
918
495
51
232
505
71
985
83
334
222
673
867
305
785
393
289
28
689
391
710
794
561
534
476
335
79
578
798
870
984
741
99
575
339
930
898
253
859
745
663
772
979
751
479
133
227
167
474
612
549
955
231
90
557
396
772
618
310
463
41
866
745
472
204
232
943
247
869
673
895
794
283
226
138
651
853
268
93
274
161
504
229
340
311
392
584
292
273
311
759
554
881
285
248
145
444
131
292
971
908
514
700
544
564
821
114
259
39
739
426
246
147
298
549
544
269
248
180
848
77
516
568
76
27
115
449
609
987
274
39
63
96
389
301
778
871
637
45
670
677
493
830
982
916
934
521
707
274
126
917
1
554
358
76
257
576
265
867
20
691
949
294
432
429
94
81
116
54
46
470
654
575
132
205
221
491
47
826
235
82
92
931
528
296
720
290
471
996
32
522
907
218
938
837
928
216
286
193
756
710
975
595
513
868
389
21
748
381
831
339
481
93
925
657
44
641
773
409
358
875
843
798
898
922
841
846
134
416
807
618
467
917
839
350
962
329
911
514
245
310
764
340
735
86
264
91
4
937
710
36
236
648
39
108
405
900
14
963
580
365
361
106
387
766
343
68
921
587
2
274
175
16
80
302
289
691
142
533
701
487
484
969
895
132
624
431
736
527
310
758
793
249
570
236
701
565
216
749
48
382
830
402
369
720
43
628
850
385
774
105
739
872
334
202
595
523
986
513
715
134
132
469
449
371
715
414
225
372
947
587
207
835
479
352
232
652
669
920
858
560
236
439
354
152
524
395
538
868
642
459
330
325
908
530
756
413
463
552
824
518
571
708
940
182
956
350
745
262
792
914
491
923
526
520
564
874
339
611
399
590
294
144
347
924
349
777
67
905
610
653
460
24
357
168
53
38
127
654
255
747
477
808
340
92
296
104
18
326
87
636
325
702
769
5
904
500
401
239
475
492
136
19
677
454
391
958
767
605
45
144
157
316
341
467
733
272
59
777
678
551
837
924
402
388
549
779
178
372
558
881
807
733
884
725
117
56
780
729
37
462
359
943
213
395
758
215
200
47
515
156
606
332
941
330
191
625
507
29
252
339
339
857
565
502
141
462
1000
891
861
67
291
834
166
999
760
423
124
515
749
114
751
689
176
674
42
435
192
90
172
355
719
215
286
729
728
790
62
165
648
965
523
756
370
532
955
824
973
55
864
21
326
817
247
591
868
594
542
220
645
522
994
653
805
293
963
988
211
762
188
863
429
772
207
240
644
480
74
230
602
963
947
590
349
818
139
169
995
119
334
334
993
32
14
648
579
86
956
317
201
374
983
614
79
817
320
900
631
513
324
591
503
293
575
740
710
160
952
769
449
966
395
887
887
117
730
100
152
384
613
337
27
20
562
43
174
351
83
308
585
521
365
51
838
211
504
655
974
797
866
30
227
391
193
652
185
386
496
597
270
457
830
330
24
153
907
339
599
109
744
443
499
303
512
849
876
833
245
984
711
734
452
422
897
607
958
337
954
297
854
230
723
326
265
777
466
395
445
724
607
572
776
476
511
508
1
516
987
815
866
773
431
890
203
449
338
365
467
579
463
957
203
449
669
962
331
557
833
427
201
246
762
439
470
508
555
431
195
625
854
503
391
267
852
31
471
443
63
370
261
681
987
316
868
1
842
878
733
748
609
103
121
992
466
687
141
575
184
950
845
572
732
784
199
376
897
41
794
503
894
812
901
142
209
446
823
670
550
70
723
623
424
599
334
605
226
774
599
376
745
58
887
54
244
764
630
941
226
446
835
560
492
152
971
395
553
530
172
536
939
753
520
856
174
998
302
299
123
640
203
808
733
660
121
802
592
293
575
262
443
91
912
105
358
340
342
535
646
395
675
508
259
152
162
581
433
232
200
584
814
711
337
433
645
980
264
637
547
442
948
45
91
736
264
402
832
69
648
591
324
457
743
794
338
976
706
70
510
824
537
266
54
685
614
745
185
619
427
889
987
824
424
394
982
984
727
804
827
987
538
49
628
507
445
901
573
944
705
587
657
730
269
188
181
481
993
432
468
563
107
505
97
266
228
669
71
292
585
699
832
17
956
273
72
454
242
898
469
995
1000
999
333
700
479
815
630
765
129
116
141
908
725
679
435
816
79
836
585
26
984
39
969
96
600
348
641
321
720
889
102
78
983
164
467
392
169
586
885
684
32
554
527
866
90
425
865
532
722
587
159
139
254
342
404
849
192
24
733
776
913
807
657
362
9
346
726
579
471
297
325
397
404
963
893
502
405
327
620
751
447
16
430
695
588
626
409
440
744
988
274
541
450
882
623
27
519
735
925
885
901
783
111
283
31
21
503
523
259
529
716
231
311
415
713
404
362
799
565
254
22
852
343
778
887
643
330
735
444
719
141
577
901
434
510
997
929
280
569
485
900
945
798
538
122
2
324
563
79
741
819
156
83
160
15
970
427
920
745
159
4
85
400
509
563
682
153
144
929
750
505
326
760
582
88
191
983
401
255
847
632
694
695
26
5
863
310
979
669
367
80
192
913
822
192
178
847
46
190
611
621
373
934
834
601
216
650
720
11
224
708
575
834
932
557
488
362
630
718
46
866
676
715
475
435
107
691
932
155
820
668
233
826
758
949
173
636
452
115
873
619
691
617
122
623
289
75
385
543
537
936
1000
396
835
335
392
860
261
66
498
491
119
207
124
708
708
851
629
204
458
962
410
709
10
390
39
124
640
558
572
430
588
868
576
823
927
939
815
234
590
432
453
42
98
740
146
663
429
677
595
299
170
501
839
472
265
582
726
322
683
353
388
195
984
890
831
836
537
155
887
628
8
375
755
384
473
300
113
373
854
612
849
571
619
886
150
121
528
280
696
122
414
918
917
31
591
319
731
514
346
397
442
929
688
422
740
222
524
763
852
278
784
371
752
795
869
845
816
895
271
512
49
556
132
279
727
892
945
210
92
859
65
971
859
723
404
572
329
442
564
577
199
107
12
347
310
665
281
944
320
315
371
983
324
573
697
836
396
15
37
559
847
996
238
230
464
413
925
295
826
796
1000
558
211
346
471
876
910
533
783
117
631
667
692
133
116
781
2
29
722
665
530
569
38
970
911
635
863
692
418
4
912
480
7
304
692
299
284
555
255
610
863
817
462
255
971
878
663
646
771
142
515
125
750
177
95
954
484
685
879
743
986
585
646
25
61
783
456
233
245
135
228
558
310
655
9
143
405
336
53
822
22
89
66
442
218
2
291
303
663
47
818
775
657
390
145
678
994
62
7
970
605
629
765
370
211
290
954
212
861
569
20
350
342
301
149
947
389
660
282
972
919
902
527
547
394
454
232
278
612
257
656
616
755
464
239
17
217
956
250
838
661
110
885
666
84
106
816
257
383
181
102
363
549
799
541
314
827
546
252
587
610
853
663
508
810
331
818
804
276
252
73
152
267
702
607
592
695
143
69
488
515
596
109
4
419
862
673
882
42
908
254
21
922
641
305
64
19
72
839
219
636
356
344
105
603
818
737
874
920
625
926
304
502
143
831
550
425
317
954
285
267
455
345
388
575
783
338
934
98
793
229
876
372
754
466
141
991
614
732
646
536
869
149
864
523
2
117
840
293
970
158
377
718
109
10
886
630
752
267
315
424
274
557
309
331
562
854
462
214
714
370
168
890
28
720
613
686
560
729
103
517
930
341
767
481
200
379
631
976
593
814
638
307
774
242
445
185
210
406
85
726
481
604
152
148
571
896
22
501
203
9
696
949
207
246
88
841
327
433
869
270
986
979
410
988
16
554
334
907
438
504
524
641
423
440
639
254
66
888
114
675
732
419
157
945
328
155
733
277
764
0
498
266
654
241
374
902
671
673
476
296
880
540
579
272
847
797
385
975
187
919
609
846
685
325
892
691
451
42
910
936
727
292
72
748
426
567
820
358
877
361
968
658
954
124
809
865
939
706
743
376
916
223
840
316
67
418
217
670
575
684
792
628
699
162
803
800
705
667
797
186
245
764
91
654
444
879
794
327
152
785
986
825
811
253
838
116
566
767
114
665
476
281
368
157
574
521
759
68
733
1000
380
556
66
875
991
452
710
909
404
766
619
295
306
250
62
209
718
617
602
820
684
550
96
845
387
667
250
717
462
29
589
506
663
629
628
332
992
576
687
331
531
953
205
348
493
616
907
774
87
974
68
876
949
440
157
333
621
29
35
418
28
663
194
874
767
966
633
625
549
54
677
216
90
857
721
967
786
240
417
376
311
685
272
877
794
543
220
722
864
573
240
675
25
42
309
539
360
61
315
620
300
9
763
911
756
847
446
490
548
421
39
458
307
976
783
618
818
896
477
199
196
237
379
651
881
274
0
420
81
341
53
772
216
598
190
978
487
754
869
376
536
340
261
943
17
735
850
476
685
37
639
970
460
950
647
625
941
293
973
182
646
688
966
443
716
538
456
260
3
808
684
990
424
156
675
973
141
48
459
269
40
602
576
717
517
39
238
255
679
69
706
974
264
596
376
582
876
584
219
551
578
704
55
283
14
913
713
968
400
405
272
871
124
993
678
140
254
33
556
49
756
134
318
217
436
77
79
781
629
580
185
657
240
798
92
321
763
896
644
561
805
487
687
532
834
703
965
153
846
858
677
897
423
584
234
28
153
750
76
216
834
409
896
131
513
852
640
815
46
218
314
139
123
644
310
151
984
265
767
419
222
164
417
64
388
283
719
795
224
695
48
977
737
247
469
745
738
350
482
59
103
291
143
97
411
951
218
477
517
505
253
347
339
479
64
141
213
191
876
654
953
924
204
204
239
574
657
546
278
180
879
731
90
354
185
783
482
355
901
104
767
80
965
94
706
50
582
890
652
299
647
224
663
111
637
481
900
694
727
537
726
426
27
148
822
681
271
86
439
265
376
10
514
681
218
300
791
795
934
391
48
428
552
610
970
398
970
709
135
211
106
258
490
835
131
687
500
845
870
587
142
753
79
819
874
296
967
615
415
295
28
640
464
166
476
658
508
57
974
904
80
30
743
205
475
825
803
161
456
981
225
404
3
89
914
469
408
743
471
644
93
329
450
947
558
196
86
966
674
561
686
994
199
87
478
623
401
799
656
442
203
523
485
875
665
946
255
550
543
136
98
268
693
871
313
534
905
970
681
877
149
573
821
959
405
677
935
234
216
507
247
308
648
735
102
821
584
719
685
25
887
627
522
587
39
31
145
474
210
767
134
217
639
428
564
956
209
333
106
308
894
952
75
389
821
914
577
337
714
676
993
448
911
193
787
976
779
116
681
953
625
430
631
296
872
390
308
726
571
214
824
62
221
273
640
163
672
390
570
210
294
77
910
748
269
111
511
26
787
631
390
273
901
308
989
698
68
653
919
389
577
717
227
936
218
542
382
21
544
115
526
31
587
54
433
973
745
221
624
553
487
5
951
851
440
104
332
962
534
77
464
183
703
328
562
170
454
554
686
936
433
19
255
79
878
461
709
546
774
133
155
170
597
77
246
747
97
560
100
638
800
986
959
457
346
103
176
701
994
713
936
996
463
122
614
913
212
822
881
274
918
549
508
185
56
141
103
608
795
242
626
24
422
101
417
677
28
864
464
469
453
678
193
934
941
9
827
303
920
60
303
18
189
204
125
650
629
895
349
724
167
957
761
637
509
78
264
423
929
260
923
167
471
714
994
70
300
562
958
303
357
825
4
78
196
665
294
896
566
231
224
708
976
399
251
266
926
31
665
390
880
505
153
234
181
812
74
102
100
699
646
652
164
903
282
73
468
263
402
468
674
975
968
78
107
503
628
925
296
949
252
184
104
583
332
326
268
159
914
373
616
430
102
630
480
806
844
270
452
161
412
133
253
880
764
737
899
561
316
367
800
69
867
464
483
570
946
110
441
550
666
546
187
269
645
735
726
180
398
782
194
85
861
463
892
104
265
639
548
103
788
99
103
246
28
535
549
575
110
740
901
297
955
929
133
88
430
214
613
873
331
103
189
793
656
452
198
795
70
178
643
549
88
844
698
50
521
817
699
6
992
110
667
323
879
944
106
264
186
59
82
922
238
580
56
344
277
637
808
705
510
72
958
292
368
863
768
460
276
108
41
366
858
869
988
8
741
127
942
532
220
11
421
770
978
935
808
888
250
771
110
580
861
414
391
82
145
374
111
175
757
323
19
396
814
142
662
931
787
869
602
129
939
27
349
318
556
8
108
80
999
356
316
300
868
414
232
708
454
343
492
771
573
963
995
458
543
806
514
805
998
464
233
123
591
79
200
606
982
18
546
935
992
642
862
207
484
397
427
249
491
479
960
279
601
433
512
423
830
483
124
69
564
796
109
145
263
618
5
397
941
770
567
968
800
359
208
310
605
332
575
621
969
505
586
666
865
730
715
249
33
12
363
566
616
596
629
858
86
109
880
123
117
976
540
526
571
987
634
281
126
509
933
768
233
835
732
562
920
490
933
669
87
247
121
802
20
770
374
20
92
234
165
351
612
935
488
518
556
749
644
994
887
861
881
935
203
684
518
796
731
204
351
239
767
51
