570
797
53
969
701
817
403
85
331
160
980
514
190
260
134
597
579
480
828
239
456
509
651
371
508
6
251
649
676
860
343
721
796
252
40
48
614
985
173
769
495
345
931
879
291
194
610
192
902
244
153
836
222
731
469
185
781
475
635
441
161
896
586
114
535
65
261
821
520
104
496
674
145
257
582
929
880
881
286
988
402
96
876
566
808
153
134
0
296
801
632
321
285
904
936
125
821
851
58
919
234
444
702
464
213
755
220
402
133
449
899
635
359
589
470
989
724
953
825
322
396
939
556
320
79
294
341
884
443
889
508
826
965
93
224
549
389
893
133
682
880
859
551
743
871
733
351
511
872
873
968
464
179
40
402
378
171
307
327
1
481
392
629
932
43
446
339
821
182
920
549
736
607
100
450
665
732
733
406
450
280
218
890
163
237
661
898
550
375
687
725
105
37
33
646
949
988
191
629
183
326
487
166
440
925
731
115
299
822
670
464
708
161
329
489
225
244
341
451
475
158
536
2
38
708
885
523
971
176
584
45
758
377
443
895
259
629
338
903
964
246
877
90
565
119
109
978
616
369
971
204
704
852
725
935
656
904
953
163
732
643
440
586
679
379
565
847
504
644
870
273
255
195
560
528
685
619
760
933
374
538
952
772
371
704
217
138
559
532
172
679
291
607
611
617
828
405
297
608
662
279
777
996
783
822
119
285
577
838
310
977
959
964
564
180
992
621
482
803
305
786
677
650
613
147
511
76
303
811
281
441
805
506
75
209
372
94
890
18
604
22
560
633
108
148
15
723
459
899
346
486
990
883
998
131
249
0
855
9
216
977
822
875
589
209
343
834
67
213
399
120
301
397
402
938
571
86
977
369
988
487
140
791
928
798
866
855
660
556
182
505
895
779
424
114
112
406
723
952
453
193
577
721
995
48
498
561
785
326
517
561
232
464
551
691
181
57
471
552
363
861
69
21
210
170
254
573
260
499
653
158
333
810
814
624
451
187
335
748
728
437
904
947
636
826
508
467
29
683
609
634
47
822
391
854
720
339
149
870
359
548
610
687
258
594
637
108
755
211
704
582
334
219
599
646
82
225
561
770
295
720
68
980
725
795
584
610
259
490
404
625
791
799
897
75
261
632
300
925
637
642
690
722
75
554
939
986
775
175
501
559
486
26
38
944
580
263
649
263
881
121
245
136
580
92
377
971
122
237
192
762
678
923
680
400
114
815
246
235
298
375
739
634
654
431
166
819
118
99
887
836
386
485
773
910
134
189
689
589
368
805
693
520
572
887
886
483
625
400
984
663
349
913
193
634
67
573
976
903
960
568
895
980
851
652
604
919
708
242
294
726
10
959
790
97
396
757
557
882
57
730
338
952
742
533
610
34
213
856
242
638
635
116
570
393
305
658
700
613
937
322
221
542
69
613
193
69
73
148
505
347
550
513
633
786
669
842
767
889
383
436
348
734
993
320
904
878
262
355
12
380
41
893
265
509
786
700
285
221
439
595
103
467
520
480
387
789
438
628
6
618
295
290
404
841
793
880
388
341
40
353
158
83
151
276
580
938
146
180
637
71
383
758
761
200
599
857
52
795
207
338
500
421
941
359
184
554
115
944
349
734
117
757
892
789
984
512
825
978
414
33
226
81
970
481
449
286
698
420
9
106
513
13
453
399
325
400
396
467
949
524
670
375
776
751
222
37
631
234
484
883
542
528
489
655
847
472
705
94
680
970
306
234
273
676
103
694
141
928
411
852
133
21
272
159
253
15
766
310
834
732
611
952
495
427
1000
726
781
92
360
43
419
64
452
895
255
412
47
290
626
481
62
186
357
288
904
556
63
988
128
560
387
480
286
852
247
45
55
847
914
358
551
182
805
550
356
543
341
496
122
274
965
886
585
952
219
506
81
400
673
658
54
211
260
549
895
89
257
455
357
365
505
206
971
606
410
31
860
309
528
120
785
41
889
462
410
302
904
308
682
575
825
510
216
631
7
195
175
482
468
752
801
778
663
172
351
247
618
665
1000
531
456
603
0
359
814
347
634
603
709
453
83
596
744
579
16
392
562
64
844
948
301
321
950
579
672
236
515
411
498
572
215
812
354
389
293
301
434
641
549
218
312
353
495
760
140
660
724
69
974
194
238
246
459
38
561
208
604
245
320
709
397
484
670
638
91
107
19
46
929
527
851
662
508
813
421
994
203
569
72
385
406
277
465
713
593
598
59
312
444
225
657
327
143
569
665
27
125
779
567
348
955
681
693
975
469
292
934
538
400
412
725
592
403
395
459
253
633
924
537
270
288
69
774
86
50
75
695
673
556
813
624
799
450
66
161
614
954
642
401
734
418
51
10
356
93
551
926
411
994
490
544
143
349
586
159
587
175
9
189
211
336
11
704
830
37
143
480
505
629
631
489
235
424
109
191
548
514
875
396
507
304
532
563
725
692
977
396
799
325
137
507
546
59
95
624
182
619
920
596
48
483
156
695
62
862
23
723
41
289
886
231
495
471
571
214
18
287
96
628
263
788
776
671
990
908
913
229
232
842
428
123
584
147
770
17
546
394
462
728
653
422
288
297
112
355
886
577
968
162
457
34
629
866
472
168
330
176
495
934
662
574
461
609
188
370
677
816
855
166
910
261
137
30
646
285
992
358
44
927
252
785
698
91
854
340
854
622
88
70
205
240
996
957
96
999
144
278
210
480
264
600
78
307
726
347
447
720
811
835
372
676
760
677
108
106
732
213
779
377
466
115
387
894
67
86
173
965
415
584
624
701
357
334
500
517
382
984
566
889
87
150
748
699
53
4
640
684
429
27
392
656
397
480
979
732
342
71
814
581
962
644
826
732
350
225
668
3
12
669
534
648
708
156
278
799
966
51
158
460
156
13
596
933
762
450
310
890
863
502
903
118
688
929
849
391
976
938
424
544
468
714
10
149
338
447
622
447
3
212
128
904
226
679
110
287
909
160
160
331
714
245
876
247
970
496
383
264
600
87
574
318
68
341
99
640
278
367
461
44
880
264
200
780
791
277
887
529
129
861
170
261
349
856
662
100
125
577
773
296
691
509
739
967
135
623
241
132
403
212
502
924
781
834
414
150
844
17
158
130
982
710
371
770
594
431
212
210
207
458
754
935
234
578
770
61
138
745
324
943
424
352
208
613
364
662
464
380
686
650
188
497
906
451
978
187
521
21
31
836
212
335
717
456
378
151
71
104
548
275
97
212
100
311
330
779
965
134
172
659
252
874
522
699
608
946
67
673
632
689
118
107
343
518
707
436
51
41
335
736
41
364
759
115
89
159
643
811
183
957
809
477
258
141
465
2
1
901
372
214
944
242
494
618
275
169
631
279
549
336
745
584
503
809
103
658
355
445
208
766
767
9
712
92
788
443
82
341
677
200
810
302
106
973
996
153
152
563
112
157
744
871
509
680
759
520
583
142
175
202
50
368
731
494
198
121
28
928
255
109
226
47
893
522
80
920
691
638
64
355
101
71
344
698
122
456
372
788
833
904
192
210
810
536
500
991
180
950
949
817
92
101
181
27
585
491
665
340
669
457
569
580
739
322
372
883
104
336
110
490
613
844
892
263
821
119
504
724
491
527
149
755
257
779
283
101
445
921
498
32
573
926
434
595
286
241
745
707
261
879
952
881
76
691
65
369
974
106
111
503
355
100
807
192
169
64
480
554
218
762
57
748
538
25
897
928
457
258
896
996
627
839
76
596
765
941
611
21
444
738
162
255
652
746
672
532
273
811
453
107
775
589
661
984
253
671
871
959
297
831
891
261
53
374
141
386
406
185
999
725
904
127
442
548
915
574
597
927
564
272
830
540
904
214
197
988
165
704
274
388
35
720
108
28
889
631
741
851
853
519
70
996
574
586
204
537
805
257
748
272
2
636
440
539
51
73
664
15
478
903
965
355
294
247
28
568
27
363
945
707
84
395
446
37
437
88
911
285
903
503
655
215
896
812
590
376
259
107
98
279
213
971
6
54
346
300
706
636
129
316
556
577
795
299
379
599
231
336
759
444
914
848
162
884
513
583
53
970
284
83
441
266
359
812
201
854
860
798
300
997
607
370
55
407
743
752
698
377
514
167
624
511
464
389
214
151
678
459
18
822
478
804
408
681
716
464
27
443
156
488
13
900
427
867
133
787
139
101
541
614
806
352
853
896
572
731
68
378
974
348
203
344
379
900
824
978
112
428
435
156
949
889
949
812
51
549
213
155
849
997
413
238
708
855
999
121
645
99
613
667
266
830
739
269
651
299
878
884
131
397
847
177
603
611
723
476
758
622
927
67
333
647
396
720
317
306
352
32
9
489
516
135
451
467
963
237
611
966
541
553
115
941
153
805
613
298
853
853
787
690
582
721
768
562
411
219
487
800
879
382
120
929
82
118
176
436
478
742
234
955
418
945
961
881
662
982
923
423
897
916
462
555
18
165
190
286
951
435
890
563
282
773
85
541
659
962
380
900
772
858
620
92
158
234
585
911
945
235
71
964
520
120
338
949
959
300
764
190
614
286
424
21
474
453
670
745
962
967
24
895
861
101
53
767
44
83
664
656
248
740
518
253
963
405
252
269
126
669
99
209
310
438
544
794
39
992
27
733
281
973
93
445
174
779
680
195
139
897
898
732
560
518
113
661
566
720
600
847
715
665
936
48
315
37
460
168
569
866
705
49
483
775
63
716
144
372
831
363
404
93
272
96
540
708
627
855
246
496
736
472
597
325
402
504
214
246
670
98
856
403
167
13
537
444
494
65
877
946
697
84
315
45
269
964
589
90
956
64
762
651
98
71
647
9
283
672
700
705
430
996
904
781
270
239
249
534
175
517
687
210
656
472
247
931
185
418
311
505
650
820
707
109
621
768
148
986
17
153
771
539
286
677
391
86
997
435
474
551
917
558
156
197
946
939
886
84
77
268
518
494
918
950
987
17
523
616
390
371
171
435
796
886
541
152
528
728
512
815
699
542
346
811
747
847
988
723
752
651
495
993
230
388
91
373
874
797
517
865
599
134
230
244
718
99
785
100
406
757
110
948
983
774
57
356
454
213
66
834
680
992
539
733
202
164
688
254
218
821
870
430
477
151
334
872
54
546
364
658
386
340
739
173
963
524
194
210
949
201
650
109
402
212
334
299
602
446
821
108
972
743
869
631
931
887
750
967
427
76
919
835
32
760
1
131
111
288
456
788
844
832
333
685
429
904
766
490
863
438
320
755
867
430
562
509
72
916
400
151
767
285
105
896
323
411
363
552
745
309
501
966
17
769
100
995
110
670
266
712
95
464
873
779
797
500
18
509
490
461
863
408
373
517
607
714
767
71
737
936
278
841
545
285
499
262
387
37
432
329
503
96
618
223
296
860
173
316
862
536
445
330
104
279
856
333
601
886
285
102
162
347
912
621
354
220
580
942
695
374
157
980
956
443
485
798
589
977
40
989
207
368
466
709
750
551
928
571
77
676
269
510
337
678
740
605
923
912
230
815
503
600
153
406
599
745
691
853
406
876
17
112
458
772
494
165
813
895
878
553
791
277
584
414
815
324
168
24
269
958
892
743
889
874
659
200
962
133
704
436
265
663
30
762
777
917
471
379
226
485
831
551
247
553
36
317
604
40
177
329
494
363
212
698
851
654
690
642
800
463
935
236
603
210
377
290
347
902
753
883
786
797
755
646
247
825
167
38
99
616
851
980
130
323
313
34
509
225
897
21
686
994
792
530
510
222
194
3
172
493
958
322
207
397
188
341
609
814
198
309
559
872
376
922
324
704
519
485
174
644
239
645
953
178
836
708
205
170
927
484
217
182
119
988
597
888
778
211
440
176
613
975
426
724
722
580
923
299
99
105
13
56
783
767
689
400
153
540
90
352
858
266
1
334
7
21
244
905
741
253
78
27
46
729
269
856
224
394
850
100
60
121
380
115
634
186
538
447
248
175
165
633
643
164
65
36
864
678
37
912
134
743
678
352
867
649
576
780
589
284
529
30
612
347
755
95
801
389
635
830
91
616
878
173
715
471
976
780
604
328
783
198
858
172
414
394
181
658
226
307
37
656
401
147
910
446
7
777
335
140
669
933
394
975
803
170
140
965
316
987
885
723
944
298
116
311
694
1
508
61
489
814
687
658
200
500
106
991
928
236
129
684
822
393
277
747
641
912
825
169
700
538
830
726
107
364
15
411
739
750
631
809
290
442
703
455
149
10
507
403
432
645
912
13
91
192
128
542
541
455
456
356
760
453
980
319
313
55
911
677
531
879
747
905
680
429
616
691
290
589
943
956
621
208
518
605
442
832
12
554
515
422
618
546
887
212
137
331
666
122
320
854
73
560
524
262
159
311
270
964
424
18
396
566
192
429
826
681
388
152
937
153
228
999
205
974
25
961
785
237
513
350
808
907
659
633
632
913
826
657
345
680
580
808
113
737
292
374
349
475
999
991
438
292
3
667
685
889
879
775
138
362
6
823
40
812
72
129
888
998
960
864
628
195
132
868
18
880
930
675
910
177
569
843
938
40
552
475
630
287
170
928
95
410
275
188
996
498
651
16
374
777
969
629
477
617
422
775
507
992
32
995
167
986
950
141
857
582
978
768
187
647
649
830
21
936
311
657
755
170
756
926
852
358
917
946
91
530
605
93
181
183
919
561
625
848
747
453
89
480
567
189
609
931
86
615
284
872
495
473
501
784
976
948
553
762
257
846
243
64
332
1000
115
949
297
165
356
193
327
600
940
412
471
948
718
845
277
821
400
268
129
976
466
507
983
46
915
59
364
978
547
507
277
656
60
421
800
899
805
464
874
542
244
908
491
550
915
375
302
443
148
554
642
5
511
995
941
912
848
766
735
705
453
483
665
363
33
794
178
148
194
53
61
639
989
404
88
801
704
195
738
616
724
743
379
233
546
441
38
164
470
447
792
275
782
773
214
354
730
166
111
132
382
899
326
241
155
660
113
333
162
991
976
198
321
493
79
894
581
730
752
826
103
316
78
708
870
701
669
585
48
492
133
571
64
889
183
102
409
813
335
815
206
457
638
187
343
577
137
518
469
19
313
378
545
968
796
317
213
338
588
150
98
364
230
543
719
660
850
640
412
645
916
477
859
777
899
38
867
619
72
938
635
218
980
707
266
578
802
987
828
709
494
338
990
965
250
897
983
125
622
733
239
258
877
585
184
345
424
610
708
622
58
548
607
923
562
890
5
233
605
156
360
848
729
842
506
854
696
309
11
886
292
398
234
931
689
759
618
838
700
486
890
704
456
777
226
796
360
676
648
77
581
306
33
805
126
77
378
972
989
19
595
85
675
376
415
995
685
863
433
145
703
121
169
362
221
145
435
931
438
269
612
692
814
476
907
579
72
126
598
844
413
772
829
819
871
810
7
957
383
586
477
174
699
697
452
944
494
209
15
693
937
15
461
714
725
535
352
714
182
210
839
639
172
669
917
459
270
37
709
644
427
713
911
44
449
60
176
913
541
294
324
195
698
983
761
954
651
387
372
175
419
803
713
378
126
581
898
862
226
801
423
527
585
530
522
892
528
724
190
109
550
346
822
506
912
377
18
279
115
704
753
1000
179
987
835
726
524
207
860
834
440
564
791
193
76
889
678
330
741
399
79
757
834
82
278
498
996
600
213
468
975
44
911
914
205
568
25
932
271
547
785
992
575
931
129
79
716
468
53
725
711
459
636
397
359
252
304
733
389
513
267
408
798
944
837
653
470
20
784
890
134
160
439
636
113
697
964
266
769
247
163
185
554
477
859
481
15
699
876
519
821
851
100
844
14
294
570
438
762
749
79
78
328
378
690
347
29
860
820
685
361
973
156
42
408
955
689
577
552
299
16
176
308
809
48
630
447
758
309
236
570
825
884
624
194
360
774
187
587
547
899
115
538
749
959
164
229
532
68
835
636
495
384
774
94
777
182
531
100
822
505
762
995
514
580
763
732
91
973
700
71
882
876
515
471
186
604
846
675
837
882
316
595
24
148
862
241
547
45
369
843
276
771
210
363
15
288
585
60
66
407
178
526
856
368
628
990
251
226
186
479
638
955
933
142
190
646
208
305
108
856
875
726
207
765
792
498
192
70
558
491
131
567
660
548
923
256
375
102
415
273
239
140
895
850
179
385
330
990
594
393
114
571
628
662
0
720
669
569
840
726
532
190
907
987
932
491
468
307
526
156
243
292
68
911
767
337
729
83
608
400
74
107
415
618
854
484
135
973
277
444
213
993
674
247
573
304
998
469
542
816
968
942
68
674
222
331
813
391
835
390
487
199
132
337
528
100
832
682
594
965
806
72
442
83
592
407
611
263
138
146
391
754
433
645
317
115
732
232
523
196
869
376
465
284
788
258
900
862
548
605
188
444
392
899
643
153
685
275
330
914
587
683
664
303
833
839
186
419
902
672
850
140
316
240
133
862
546
542
173
949
511
51
291
1
451
389
70
90
525
170
808
883
855
525
470
379
867
223
698
226
727
789
880
351
41
835
851
506
658
145
659
351
671
948
578
331
146
296
176
729
535
745
950
696
935
406
319
310
674
950
177
17
10
688
426
895
291
404
806
369
330
315
333
60
296
343
491
434
594
871
341
371
251
569
226
391
37
820
183
956
449
28
508
848
240
554
175
783
629
377
484
439
572
55
632
480
568
475
93
419
922
440
613
528
798
400
140
114
916
280
699
322
30
125
347
611
920
538
801
290
59
42
406
545
83
127
129
750
984
440
692
966
534
299
500
180
736
325
494
642
9
62
169
418
903
563
707
40
295
606
382
576
378
81
185
87
576
846
388
481
953
784
949
861
523
28
914
254
948
147
183
530
35
256
94
193
871
53
104
444
363
484
925
594
289
358
205
309
773
549
108
227
734
915
293
198
995
763
694
880
165
265
607
177
194
182
641
69
115
963
151
969
604
185
840
446
612
865
941
291
350
68
657
13
436
365
458
442
65
128
879
924
765
261
522
613
433
712
169
411
468
51
491
130
978
951
791
971
14
982
107
955
996
522
126
71
548
384
530
364
806
777
170
460
769
845
191
647
181
477
974
51
341
732
67
488
456
369
786
477
76
11
306
792
145
582
9
841
201
815
838
579
827
910
939
770
252
647
703
458
616
128
746
563
527
809
915
443
231
728
820
217
432
911
646
403
718
148
731
229
115
422
801
802
427
224
278
812
938
420
978
64
395
609
378
931
199
741
575
762
506
132
294
385
625
234
532
960
643
672
382
91
859
360
138
58
450
440
687
808
189
313
170
529
192
618
221
137
116
643
417
259
495
445
536
441
313
247
196
475
68
101
43
13
173
440
869
480
953
92
61
660
961
920
328
813
159
877
496
112
681
22
371
115
100
553
337
520
4
816
173
534
889
463
138
263
387
598
574
33
477
418
25
742
315
431
735
657
197
396
152
989
144
774
670
824
503
895
624
702
588
989
293
829
748
485
81
371
412
954
869
263
577
999
870
631
700
696
503
907
427
209
804
635
406
183
842
243
631
872
519
332
802
940
952
623
769
976
952
280
601
755
197
287
287
911
284
380
675
746
310
777
243
842
732
601
947
989
716
279
626
233
342
902
293
765
841
20
354
238
495
143
361
903
300
593
128
723
951
981
180
473
866
524
258
637
147
169
629
257
948
941
913
429
813
906
766
420
217
965
593
863
920
111
480
691
956
239
894
823
423
899
742
427
444
248
834
433
723
566
429
241
963
605
865
990
111
308
96
45
373
973
118
934
567
13
389
66
297
599
332
355
450
68
528
811
145
149
77
355
533
753
971
849
544
430
868
938
556
486
747
172
160
666
513
616
980
415
370
369
697
409
203
487
977
370
825
484
843
5
109
285
581
634
193
115
716
943
321
321
455
555
560
459
263
240
640
40
154
824
554
593
623
986
16
675
350
888
31
431
234
695
737
395
806
320
686
993
858
508
312
475
724
629
228
748
398
731
310
890
230
954
718
651
840
215
496
602
642
707
133
823
54
409
311
613
336
394
883
298
120
802
469
756
530
706
88
5
314
747
883
132
804
991
753
53
412
354
378
771
796
326
554
425
864
176
663
421
708
910
130
295
480
868
903
279
653
314
61
592
119
2
665
704
874
858
400
498
967
706
148
705
481
716
242
453
257
129
843
795
914
598
94
109
481
60
205
715
123
395
716
785
161
784
712
148
901
623
515
332
429
675
774
423
770
847
854
248
660
976
913
996
614
928
823
788
166
571
720
695
582
626
731
254
411
483
93
447
480
888
600
771
290
506
703
495
192
367
360
545
263
525
946
309
872
571
474
237
206
698
2
197
391
891
639
60
342
538
93
661
199
401
739
473
808
548
134
250
418
603
852
728
353
637
706
781
738
411
855
78
508
575
154
431
584
280
86
653
993
16
9
876
515
175
663
962
598
930
275
40
839
676
796
843
249
533
495
6
872
799
620
265
337
385
227
891
122
93
628
668
229
565
624
405
348
904
953
150
46
943
818
504
988
588
42
586
571
278
836
340
188
295
10
935
729
676
288
831
899
362
877
866
952
872
463
379
284
747
567
137
368
129
671
775
853
345
759
782
764
246
997
631
473
665
440
881
282
838
618
57
472
799
616
134
623
523
536
687
367
76
318
145
545
196
20
537
93
896
553
911
308
179
994
809
973
618
646
757
424
568
777
870
598
852
953
280
6
889
866
977
782
733
659
53
388
892
270
500
297
921
824
107
249
130
589
296
336
863
5
138
613
198
542
120
964
910
637
296
426
969
427
448
906
499
365
869
538
806
570
129
984
47
408
897
929
989
766
10
937
786
750
520
345
841
703
890
921
568
799
240
244
809
737
324
49
629
386
43
402
368
83
916
604
106
199
460
253
750
780
216
284
775
753
521
207
976
1
340
17
426
623
151
646
824
263
790
718
851
992
629
688
109
191
636
803
403
999
633
426
720
843
877
821
365
208
889
822
658
456
601
204
493
1000
664
855
2
754
646
553
96
94
597
196
609
21
825
366
447
194
643
217
570
441
506
449
358
487
553
372
782
834
879
157
779
874
331
184
644
909
918
187
977
726
308
496
811
448
305
535
220
83
842
428
20
282
173
737
497
276
837
342
345
118
611
424
709
570
99
455
945
437
125
391
368
763
45
720
502
95
661
751
382
283
32
690
157
81
910
920
732
646
716
779
391
41
524
540
972
528
568
577
618
62
874
864
823
730
216
830
777
66
22
324
593
55
614
666
907
776
830
162
484
44
29
764
331
346
366
181
934
832
729
233
7
463
255
502
101
471
883
555
98
214
756
558
455
511
904
849
238
575
541
91
382
35
800
205
417
993
