606
706
952
518
106
232
135
653
101
70
354
998
328
411
858
449
665
544
210
605
960
217
973
248
304
325
529
23
282
725
585
846
208
262
464
494
204
651
21
761
382
7
524
717
960
924
67
932
946
384
645
495
67
875
126
747
633
934
653
706
422
845
990
244
914
402
842
122
21
499
245
124
358
856
495
423
654
86
550
72
150
970
716
287
873
797
162
956
219
649
922
499
656
141
403
919
411
566
801
963
183
493
900
174
595
838
254
608
800
182
964
547
168
812
594
705
709
956
284
245
935
460
349
14
389
522
491
322
322
604
175
640
674
924
298
159
590
648
902
681
82
804
716
54
351
368
303
864
945
696
176
950
638
295
594
462
121
998
401
665
403
577
443
964
246
656
233
824
770
983
390
238
755
853
225
849
920
93
981
3
984
934
273
217
589
27
428
234
855
156
292
917
401
278
932
399
12
659
41
459
493
418
48
207
895
130
864
673
824
123
145
21
320
159
488
225
244
266
476
380
685
688
809
128
937
977
82
804
322
211
746
592
50
800
323
964
350
951
279
30
412
798
428
998
219
235
13
904
197
825
741
76
7
120
809
49
353
350
454
159
354
226
384
560
132
444
510
745
799
263
603
243
231
192
578
345
39
65
730
208
32
992
605
887
515
30
695
778
662
344
984
367
381
659
2
465
155
814
549
239
950
858
712
389
21
63
190
191
907
924
323
381
468
464
36
826
464
890
821
373
276
315
458
986
914
307
604
162
939
902
230
466
341
565
968
42
396
430
772
523
776
923
904
424
688
474
647
977
881
951
555
185
332
624
44
963
821
69
464
61
495
381
458
893
282
588
478
325
960
460
887
249
901
220
121
360
6
663
901
400
414
99
745
115
372
570
23
636
6
422
343
331
240
129
783
114
437
969
569
387
980
322
534
138
835
343
847
767
469
880
638
17
687
2
988
822
864
396
794
1000
407
677
221
162
51
495
74
646
240
56
371
399
865
392
508
145
428
657
961
713
784
238
81
877
946
960
362
457
210
347
865
439
317
989
351
503
470
36
377
861
161
305
177
555
11
988
37
614
361
101
562
292
62
739
774
477
204
846
960
993
744
607
128
259
272
83
472
120
705
781
791
587
290
10
82
540
217
899
940
280
80
192
762
621
876
909
430
440
41
107
88
892
993
569
591
625
428
793
802
744
690
698
323
980
693
304
667
862
947
384
880
535
394
811
417
631
726
954
88
250
334
298
68
905
888
833
843
152
181
256
308
922
968
229
100
911
58
364
198
781
860
648
906
894
613
150
606
219
782
286
166
107
524
281
704
807
554
735
651
317
22
986
705
224
333
288
94
847
843
266
279
319
814
630
706
322
609
980
149
573
144
792
988
70
614
20
545
394
48
21
99
988
2
799
190
715
456
466
395
706
805
131
409
49
801
945
557
649
86
697
884
691
579
559
669
856
112
323
625
223
95
709
655
214
682
354
707
274
463
352
1000
265
526
920
154
774
539
947
850
827
46
750
861
277
313
151
768
304
416
567
989
402
878
751
898
912
502
415
682
749
416
481
964
695
627
695
773
378
885
193
619
522
522
422
412
378
238
338
159
441
895
237
898
796
716
783
51
177
620
316
819
65
41
594
984
347
553
95
798
974
417
188
749
735
113
101
819
535
180
832
363
684
276
126
629
765
127
702
664
970
812
970
774
379
730
901
403
704
785
335
245
961
118
433
977
914
246
753
376
784
365
813
751
839
323
131
673
14
88
86
187
168
624
390
950
664
601
822
150
897
367
729
348
764
638
106
945
367
117
177
862
977
742
202
808
840
97
723
800
687
713
719
663
572
697
168
28
386
910
981
268
453
642
433
883
830
83
597
619
325
750
752
64
723
665
595
663
69
487
478
731
268
576
118
775
577
173
996
377
770
104
211
179
289
515
179
313
627
230
26
138
144
201
221
992
657
683
60
33
506
416
546
732
741
388
482
57
498
290
877
642
857
569
817
420
505
192
535
378
913
785
460
432
630
624
376
661
169
744
137
12
313
105
916
753
107
851
7
424
837
319
181
480
183
351
306
644
328
176
381
300
940
120
699
871
918
671
110
575
205
525
572
811
46
605
416
24
131
802
835
376
690
93
63
236
308
958
664
618
847
799
494
51
243
69
957
406
595
357
422
718
466
573
788
282
651
263
183
255
392
11
45
585
73
10
571
535
341
300
813
754
125
161
430
82
918
132
713
844
373
200
619
85
678
426
473
337
461
464
725
907
432
709
458
781
661
503
65
744
623
219
148
519
301
457
117
594
15
944
124
161
356
545
849
156
589
493
997
59
734
417
857
654
142
261
97
601
249
830
745
186
44
488
273
819
220
914
791
533
674
396
821
127
832
300
360
155
970
909
195
382
114
633
29
714
111
759
196
271
822
19
117
992
787
73
261
146
593
794
525
329
259
253
370
687
418
674
716
792
880
474
380
355
376
918
471
259
747
432
191
187
224
459
325
977
257
875
128
577
518
715
764
159
690
2
346
631
714
909
578
522
871
658
271
142
741
645
517
942
477
971
729
540
484
40
555
705
684
928
627
97
281
539
996
947
906
4
996
869
916
338
452
546
784
858
122
758
25
220
603
691
226
463
927
425
226
482
362
18
783
259
187
808
27
745
77
99
342
345
304
423
871
66
679
552
10
934
334
389
969
876
743
922
735
728
637
585
792
803
612
713
563
31
238
661
88
585
176
770
986
778
671
697
352
26
648
972
173
880
574
14
701
410
256
528
971
453
860
555
852
583
8
591
790
338
889
250
655
343
563
860
582
719
22
207
989
183
379
719
446
890
919
788
268
124
365
887
455
50
864
570
791
703
361
209
44
735
719
493
104
397
82
487
428
315
434
56
599
331
467
987
760
616
450
712
113
944
804
388
999
602
857
660
327
606
315
868
610
176
778
950
675
159
420
49
51
580
985
257
388
298
83
655
334
581
924
905
535
295
941
434
374
853
989
24
892
506
564
554
378
815
60
560
788
604
362
158
531
992
957
937
689
477
501
145
884
36
835
599
548
171
454
850
437
481
413
452
513
973
169
329
678
469
294
379
728
5
744
440
968
957
311
542
756
822
303
96
939
899
882
141
500
393
391
530
534
359
223
844
138
345
29
942
183
888
888
46
963
199
765
738
221
285
275
694
229
587
177
897
258
12
709
261
187
548
108
60
304
291
190
12
372
263
621
151
797
15
983
848
352
323
468
907
442
511
223
866
410
59
385
413
417
629
429
799
266
321
537
38
405
748
616
88
944
457
255
201
975
200
193
182
616
811
467
549
798
570
796
112
988
620
557
263
488
986
893
712
579
426
712
541
254
131
685
319
501
692
823
345
665
512
812
565
925
661
689
219
956
64
575
401
306
418
104
75
562
194
362
808
95
615
772
659
559
774
378
125
84
768
579
56
105
898
601
625
309
434
956
15
660
58
85
283
100
433
334
696
284
561
101
537
171
995
902
968
44
940
557
719
390
310
826
555
84
23
796
370
720
461
871
988
886
280
854
955
761
941
336
452
530
588
581
938
88
913
917
521
200
86
822
750
239
248
968
72
356
963
102
397
764
166
140
462
632
126
551
460
69
516
834
215
726
709
949
221
514
340
680
389
62
813
773
924
638
68
516
58
490
981
640
678
908
6
578
719
184
451
647
226
463
34
592
809
585
760
353
388
508
751
894
591
166
175
424
857
186
296
24
710
816
276
57
96
805
267
303
578
115
514
494
530
32
462
484
538
51
35
621
614
522
447
626
690
65
426
258
14
204
282
681
234
950
712
417
856
497
3
277
815
228
504
443
24
732
5
218
986
150
234
579
927
191
31
994
200
132
218
233
242
603
678
984
59
265
84
989
276
154
99
562
951
406
68
55
215
227
495
611
687
604
247
468
466
11
403
744
917
970
140
511
971
215
165
2
624
897
650
775
319
129
0
797
254
763
996
96
519
784
263
255
718
486
901
792
487
400
761
669
582
201
706
460
538
267
259
915
584
57
534
989
799
903
923
459
6
433
531
803
669
319
472
643
109
94
685
205
626
163
397
403
484
3
894
659
872
635
35
1000
607
663
857
49
172
344
911
336
440
371
589
356
45
409
583
578
639
17
549
891
368
500
106
682
598
577
553
419
539
591
73
318
110
443
608
582
954
243
571
114
67
494
12
142
614
283
619
171
95
865
583
181
313
263
781
80
175
349
256
731
695
57
576
827
726
153
766
417
94
517
811
993
615
800
577
549
513
826
903
168
485
270
335
408
973
961
75
484
214
567
511
320
140
618
986
265
99
306
449
861
602
265
833
71
824
517
990
376
938
783
791
359
829
890
283
848
910
756
8
146
669
233
959
856
789
977
368
268
359
701
705
687
659
451
878
964
917
160
150
160
991
87
734
903
361
403
310
981
600
940
835
366
766
376
968
477
138
760
27
254
379
897
778
347
32
691
542
448
598
534
101
910
627
58
479
532
597
512
492
289
633
457
433
75
482
310
305
531
599
721
361
743
784
739
106
32
340
258
660
81
587
934
339
309
180
146
280
821
267
943
102
404
183
643
655
517
747
107
203
836
164
797
801
357
411
832
2
137
108
346
692
790
81
474
296
45
570
982
10
649
850
443
79
221
335
18
242
505
29
865
28
416
473
785
872
33
379
69
769
264
448
743
600
808
765
232
333
483
359
322
51
268
307
784
28
579
757
700
440
961
491
435
607
240
748
404
337
73
287
365
106
487
853
688
176
477
331
369
478
190
490
318
876
240
876
24
751
257
498
254
54
644
94
756
432
9
123
763
585
560
952
392
918
822
927
280
510
711
957
538
426
4
493
303
988
492
482
982
715
773
723
109
459
887
494
461
193
370
316
626
770
474
203
112
235
21
657
806
725
527
302
414
331
646
539
471
194
529
594
231
848
584
239
612
59
128
355
4
983
440
160
884
611
842
617
775
823
514
614
409
37
518
37
963
279
362
387
673
865
162
161
165
215
887
912
235
352
850
825
862
350
806
869
610
862
793
988
591
371
731
280
422
700
586
317
905
759
82
440
413
664
311
86
406
341
551
777
375
607
433
329
530
249
735
33
741
104
31
651
386
710
516
720
771
525
532
778
987
717
940
950
118
89
731
551
391
419
186
724
548
920
774
980
737
94
493
832
398
483
367
631
418
394
977
114
97
362
935
803
240
238
538
814
810
405
280
745
524
837
874
491
726
153
665
431
558
700
23
86
564
913
180
964
293
379
901
289
640
886
479
787
458
134
692
516
695
970
867
814
289
381
103
196
207
533
212
556
28
76
8
735
404
398
694
431
580
552
279
920
820
808
955
344
719
616
419
181
636
909
763
650
664
304
636
337
213
785
829
974
6
166
69
299
212
718
705
565
931
261
579
60
922
932
192
837
123
90
475
522
620
913
817
892
915
993
906
260
150
730
826
520
574
314
300
211
937
741
847
113
225
991
735
86
148
298
661
369
533
632
27
897
556
501
451
457
800
821
554
695
285
221
295
576
632
588
1
487
914
103
861
101
631
685
624
77
360
840
134
800
94
511
775
775
212
960
928
949
161
39
226
216
539
412
168
471
311
194
681
790
876
274
58
507
338
691
863
639
70
461
966
200
715
663
298
215
544
406
141
984
540
622
978
783
489
283
10
550
559
799
582
894
1000
754
330
584
298
81
477
550
391
158
608
184
852
691
180
447
895
520
239
926
557
680
865
466
105
851
429
904
79
734
626
897
532
133
667
70
539
801
760
440
147
760
354
791
193
921
740
758
265
13
793
149
328
48
357
452
744
957
138
310
336
263
206
334
697
513
900
186
529
251
681
52
24
595
339
864
243
820
709
607
516
899
627
721
258
701
455
308
951
213
161
622
818
318
185
61
316
818
905
899
78
35
682
778
100
824
269
200
265
781
288
778
694
280
200
508
509
335
41
452
864
62
626
640
826
553
370
51
130
803
456
657
493
419
411
58
636
432
161
345
15
662
418
694
500
504
72
70
794
258
530
413
72
242
761
651
628
230
304
653
272
726
373
922
838
806
253
514
19
912
931
118
331
985
245
632
496
801
587
979
321
294
747
367
28
55
108
688
45
869
735
862
263
203
314
904
994
855
6
612
28
847
537
31
280
673
326
512
165
377
717
815
586
141
991
342
838
104
47
59
185
857
90
994
547
356
777
763
69
360
202
938
362
386
515
869
216
377
752
840
910
63
749
643
843
426
293
949
525
553
60
766
650
44
532
743
692
664
362
674
728
785
111
187
579
917
32
899
518
147
21
499
729
928
806
483
898
239
633
235
243
335
207
79
328
214
961
451
185
844
982
86
391
48
682
175
954
979
38
875
320
701
375
492
71
661
379
893
49
71
926
309
799
479
855
759
396
548
422
306
643
502
385
406
766
6
65
830
827
820
848
88
577
480
992
461
246
459
479
650
150
342
828
656
655
574
268
308
260
689
494
84
863
217
693
517
53
649
154
988
517
314
882
991
205
65
522
372
483
82
540
544
283
936
198
404
664
715
229
715
672
682
901
470
977
665
802
583
274
954
43
277
412
103
342
104
939
496
89
835
403
117
248
581
608
870
372
271
70
89
417
713
819
298
635
527
93
81
511
985
940
39
509
765
877
390
61
641
535
214
494
837
282
186
924
782
254
625
358
615
774
185
291
47
234
180
364
374
921
736
396
114
587
954
590
839
609
945
450
823
244
121
537
690
521
473
460
381
428
346
902
381
592
787
945
154
945
429
228
307
820
464
670
583
36
941
739
266
755
569
490
884
606
256
697
876
972
196
856
894
570
110
222
159
206
243
780
539
1000
345
575
468
807
398
587
276
872
439
409
459
323
156
267
13
445
383
188
199
816
403
154
50
403
927
214
389
216
200
38
866
473
363
956
587
554
235
506
772
962
761
467
149
978
108
180
410
82
669
168
109
687
705
766
329
676
733
509
154
614
606
66
339
461
644
661
566
126
234
628
449
198
472
780
713
300
917
729
286
654
474
530
433
343
480
677
693
426
134
945
859
309
705
255
179
346
751
393
896
239
424
990
643
495
748
421
908
266
108
517
71
527
828
845
56
197
937
714
112
445
462
566
817
340
98
627
25
6
912
121
177
740
928
468
172
263
486
672
809
975
37
194
412
617
687
417
565
789
847
804
44
552
655
890
192
870
364
252
61
136
80
754
396
390
899
986
130
727
253
755
933
446
828
514
764
602
944
763
338
107
14
923
692
322
640
110
264
774
437
567
217
922
349
880
118
345
59
362
92
870
810
364
585
90
696
598
531
181
684
335
399
739
809
146
475
148
747
421
691
261
287
585
376
576
3
85
86
416
425
198
589
436
53
932
984
975
629
348
339
606
393
328
680
453
162
924
355
916
502
224
980
993
710
156
962
331
526
904
365
68
314
728
956
453
873
563
457
554
440
771
619
92
21
874
904
880
40
480
985
533
832
600
284
219
274
441
352
710
802
599
396
628
135
230
481
977
28
839
717
206
508
506
489
203
919
579
967
102
973
410
288
934
124
361
78
914
637
971
938
255
910
117
0
871
538
351
936
79
741
546
794
905
978
442
79
464
628
520
352
532
52
415
677
337
432
797
745
373
228
848
325
271
861
874
852
436
530
48
369
599
897
470
628
70
826
633
5
954
628
716
187
560
671
974
41
721
742
133
516
351
39
15
664
82
333
755
1
615
416
649
45
184
845
283
9
518
591
177
155
510
60
392
449
646
783
463
288
351
969
809
3
457
156
256
791
303
935
855
351
355
271
256
714
186
68
185
107
185
579
275
108
258
0
246
228
963
377
41
802
251
696
729
672
222
903
662
554
569
734
474
449
261
1000
141
664
568
513
54
943
933
457
440
984
345
717
447
999
543
272
235
453
469
701
271
361
571
961
693
816
540
937
120
425
326
331
87
873
991
525
239
179
744
395
285
856
678
145
105
344
77
53
675
857
603
693
759
29
342
46
384
655
369
946
773
56
671
767
246
332
932
177
298
803
790
389
797
72
714
153
68
438
645
666
772
376
747
313
983
484
242
176
345
898
290
357
352
970
865
371
612
778
629
413
258
972
837
2
473
939
141
805
596
626
511
821
568
389
16
603
677
175
892
192
290
117
503
435
781
435
72
35
750
695
341
903
89
900
99
830
712
296
465
563
949
574
802
532
418
959
815
64
577
406
307
707
505
369
758
110
394
780
646
156
330
786
352
716
233
242
921
295
220
678
682
88
860
857
297
640
781
689
569
131
831
859
421
161
382
987
830
773
526
32
325
223
68
765
232
119
338
707
31
326
280
159
77
709
472
107
435
16
686
669
728
640
588
62
28
559
624
726
780
215
191
751
714
290
313
828
44
311
525
648
85
738
277
767
226
475
198
129
306
366
6
469
235
620
938
929
846
938
770
414
900
159
873
194
128
178
723
184
405
421
118
268
860
320
436
538
931
46
860
579
128
160
716
878
115
298
914
485
508
900
463
302
297
791
793
414
481
804
795
261
690
714
653
683
789
958
556
260
809
338
282
961
41
226
571
488
358
304
815
872
246
344
189
446
838
695
112
635
605
850
130
497
296
710
605
323
961
95
540
202
239
871
966
161
837
900
489
584
769
461
88
608
478
1000
476
328
145
386
939
666
726
564
376
283
909
538
449
739
856
215
336
114
623
891
149
709
904
76
167
196
913
259
445
801
274
99
749
233
398
314
111
699
985
287
77
818
236
315
606
652
609
94
262
26
117
842
277
454
347
748
410
630
112
651
11
200
834
498
216
402
531
857
413
36
123
866
292
986
481
296
699
105
9
608
472
653
699
773
736
892
132
407
593
144
978
723
912
671
8
290
188
821
502
589
630
364
597
707
450
686
396
933
562
993
975
129
962
252
308
253
383
366
879
642
461
278
142
23
215
459
308
929
79
490
25
751
693
686
456
47
349
564
494
340
497
379
339
130
772
300
968
460
813
602
862
809
805
519
527
33
932
128
367
636
879
625
373
249
800
447
671
424
830
748
576
361
281
654
331
378
575
284
662
296
34
702
750
358
518
635
282
633
336
154
3
196
149
190
835
187
90
145
132
405
310
112
465
711
366
849
302
675
618
645
460
64
53
621
597
508
600
608
905
899
853
126
163
960
294
162
931
865
912
926
329
388
575
279
6
298
941
846
791
386
460
363
658
0
821
428
648
571
356
169
324
104
905
219
181
307
821
1000
530
451
553
311
198
806
247
89
276
494
135
907
725
707
26
375
105
63
493
307
739
362
199
329
819
187
861
782
49
980
808
378
196
373
567
411
537
917
263
395
695
70
82
142
157
600
553
363
675
821
228
822
893
55
851
782
160
756
823
953
678
692
176
986
316
191
922
714
64
750
395
60
178
467
591
46
328
855
378
286
466
565
68
384
524
594
136
502
143
608
837
576
104
783
157
523
28
136
792
86
889
692
785
167
871
582
677
223
336
563
683
56
662
521
848
319
437
750
984
944
319
213
888
21
21
93
612
644
766
898
615
513
775
900
354
14
526
246
828
660
938
112
219
597
940
313
816
268
90
327
633
310
58
499
700
362
511
824
450
278
714
829
980
562
612
827
659
445
334
690
3
191
71
721
580
315
263
27
429
255
600
430
896
21
223
530
468
462
311
944
947
574
348
218
475
976
477
492
829
516
568
343
103
771
275
107
933
366
89
417
143
683
205
256
220
41
436
833
330
623
553
455
425
690
904
284
631
552
568
475
834
770
522
297
501
992
269
618
546
383
694
164
827
803
68
770
97
18
135
863
628
204
282
984
840
741
637
438
448
262
743
924
686
24
454
373
41
771
166
836
531
282
580
619
86
248
475
503
122
616
988
478
913
474
677
394
455
644
827
232
137
400
984
484
298
786
971
997
244
934
469
436
307
664
67
591
999
503
162
546
464
773
212
734
737
285
564
381
110
743
571
678
113
638
191
430
893
367
170
584
369
155
69
394
399
670
706
28
582
957
198
292
133
852
790
879
63
135
167
200
748
185
665
980
999
557
189
802
1
771
910
955
143
491
46
984
432
397
863
339
326
321
835
696
242
286
983
299
327
371
891
408
416
811
723
483
151
795
395
674
788
272
333
120
976
580
338
42
80
218
398
124
666
956
716
482
213
933
82
373
967
722
471
122
206
996
645
992
873
632
678
480
463
367
875
500
7
973
540
441
383
724
194
862
33
64
404
732
308
926
869
613
830
763
627
231
315
543
827
712
405
467
502
156
340
300
460
967
854
804
165
143
958
250
688
15
11
972
60
296
158
882
944
463
237
452
403
716
40
326
686
573
257
339
45
733
836
589
567
800
541
588
591
618
257
885
542
189
710
641
558
855
172
429
398
565
982
126
771
592
993
171
191
910
821
346
820
8
414
178
168
1
362
955
642
692
311
457
504
444
654
625
103
592
660
414
348
223
61
707
615
702
620
122
543
721
282
759
519
877
906
80
523
448
287
647
739
696
987
18
19
246
840
383
616
313
975
164
464
679
212
762
688
659
741
764
756
200
713
432
230
734
716
734
444
739
758
55
224
51
257
896
144
521
1000
434
613
594
45
552
905
627
317
706
922
166
951
900
605
739
711
869
694
597
89
116
707
876
422
623
359
483
669
632
370
593
544
466
531
309
697
869
858
640
525
336
111
966
217
80
622
864
290
888
42
727
110
427
170
792
400
233
2
481
342
521
272
722
352
756
461
896
7
480
793
12
191
299
503
94
609
339
628
829
201
750
62
739
172
608
922
882
18
89
726
896
502
600
179
626
43
959
622
619
215
909
473
707
349
885
673
152
507
456
731
287
869
506
668
755
302
86
599
675
812
512
699
343
948
391
449
423
646
845
150
250
607
751
150
617
769
971
911
41
864
693
531
825
987
115
957
722
572
301
601
162
253
727
745
7
318
428
191
166
928
33
841
652
305
287
101
301
689
340
104
489
3
856
653
223
394
920
151
419
893
173
612
2
85
283
874
369
89
727
74
102
390
56
81
986
538
549
156
515
29
836
325
994
823
170
540
929
461
577
868
393
545
105
812
783
934
374
691
736
314
255
520
142
949
26
978
448
842
578
903
946
708
737
36
880
528
142
860
587
708
923
639
17
116
515
195
22
215
307
250
450
414
55
975
132
518
910
494
591
595
163
685
945
57
378
561
772
960
759
573
240
388
847
391
436
772
298
989
173
500
240
469
153
853
589
909
582
959
845
515
946
807
312
137
60
674
6
938
859
2
282
924
131
493
148
439
150
44
837
233
881
90
710
918
51
201
597
550
728
334
25
788
660
2
42
180
244
834
450
536
360
646
401
386
431
161
741
490
432
39
258
199
928
497
634
88
176
867
301
943
677
181
558
242
656
341
592
229
906
753
920
439
64
718
875
783
508
62
655
700
849
175
702
711
559
701
515
333
65
834
409
96
998
243
129
201
681
557
209
250
386
914
269
63
317
621
883
634
866
543
503
290
65
501
527
613
949
628
765
190
615
188
636
366
454
471
339
376
517
956
155
705
165
211
674
273
768
597
148
276
469
892
74
463
246
847
837
776
938
408
115
323
222
326
183
543
213
284
371
871
511
950
379
606
710
277
217
60
626
993
615
806
214
399
477
754
918
940
484
561
563
173
207
314
648
279
997
28
106
312
524
973
306
525
105
724
363
950
303
70
136
461
704
343
665
295
937
142
843
290
804
149
529
468
269
874
150
592
240
187
691
125
740
565
111
508
309
854
188
273
511
341
108
498
117
558
578
19
849
476
674
510
142
478
469
838
170
100
86
708
623
939
927
296
283
982
696
561
444
812
655
765
475
565
177
703
507
85
378
218
669
781
36
580
328
244
950
506
368
545
579
380
537
693
703
71
592
418
602
660
713
704
160
618
3
824
484
511
803
644
157
6
228
950
915
261
675
167
730
430
963
87
110
201
656
679
841
173
424
725
463
410
803
127
564
28
490
120
793
407
419
443
731
975
269
791
326
949
239
518
710
247
907
795
400
603
867
621
93
792
447
671
945
731
881
234
863
131
442
320
105
506
986
718
787
651
592
771
589
347
93
62
513
861
794
387
265
591
336
262
879
798
649
889
544
112
390
197
512
536
749
472
518
232
408
990
740
39
903
215
582
999
996
117
427
583
541
978
80
11
182
371
340
796
661
459
260
150
730
685
635
794
413
15
161
853
548
537
404
83
22
901
14
551
778
495
410
467
238
68
259
812
803
269
495
127
496
58
717
278
574
917
286
925
818
514
992
735
807
929
55
463
360
201
97
698
692
293
614
239
31
552
511
516
809
505
819
546
487
549
775
242
79
134
185
424
931
191
268
292
804
754
106
801
968
201
874
27
269
635
590
160
240
242
374
959
827
182
719
279
405
920
389
154
621
340
778
992
98
451
14
572
375
97
696
189
275
57
477
912
258
665
884
105
769
342
422
869
435
688
4
553
813
814
78
702
849
822
382
268
315
560
351
931
637
861
97
196
302
901
279
561
949
550
381
749
903
447
54
495
754
642
211
742
180
529
867
882
633
362
776
370
156
442
695
564
919
437
47
64
443
195
484
82
53
481
486
174
512
806
441
717
120
215
274
486
360
20
398
325
590
561
668
146
315
407
763
772
94
509
947
35
210
592
386
834
91
674
213
939
641
324
846
988
619
602
797
369
789
102
824
971
83
510
434
860
393
690
833
635
195
783
127
31
760
130
518
809
271
362
565
805
654
298
299
603
818
17
105
914
17
40
856
333
224
590
647
509
46
649
485
394
591
722
118
445
303
505
38
102
343
73
152
7
559
413
927
165
296
437
400
381
507
961
771
31
605
941
543
830
108
828
332
73
806
76
586
405
491
803
78
591
6
824
104
253
953
11
887
382
852
124
341
975
37
643
409
524
302
253
292
234
729
365
77
65
910
622
920
454
558
499
923
784
243
183
894
661
336
89
373
329
28
630
786
634
772
789
646
576
669
447
258
342
970
851
462
69
451
420
176
132
326
992
564
500
720
217
983
880
800
35
671
863
647
732
991
974
778
698
918
325
275
260
207
244
477
471
524
893
464
495
345
191
526
803
354
928
909
807
236
708
546
892
100
207
217
27
409
348
918
644
225
480
174
923
366
769
276
862
863
913
993
487
815
55
267
109
208
34
237
325
714
942
690
92
279
162
526
871
162
580
490
238
870
327
166
954
364
418
510
783
645
350
36
731
435
154
716
745
547
422
880
907
141
322
663
461
654
366
842
375
300
908
117
743
447
254
327
895
760
906
697
122
69
527
398
116
989
857
210
934
411
1
757
235
913
798
544
743
970
561
180
205
334
833
798
606
858
224
423
309
838
677
944
952
161
75
306
820
922
738
943
820
818
53
536
20
144
49
261
72
742
535
304
521
649
269
912
138
824
774
761
520
491
653
265
734
984
466
265
512
348
112
215
407
672
165
370
463
91
705
858
975
842
442
196
298
616
135
954
834
106
811
600
404
601
899
261
321
159
276
792
415
108
705
184
622
116
503
420
583
205
594
756
366
911
14
848
476
484
553
268
49
292
285
947
592
716
278
914
694
613
655
89
511
177
771
913
780
388
597
803
893
867
22
757
347
154
84
1000
547
